1277238029 1
1277239314 2828
1277241253 2873
1277248741 5890
1277249461 6025
1277573522 8951
1277578144 8953
1277768708 11665
1285719165 11914
1285719261 14771
1285767955 14777
1285768093 14777
1285789857 15037
1285801755 15008
1285805250 15052
1285809460 15173
1285810210 15187
1285835247 18795
1285836443 18795
1285950833 18875
1286030439 20261
1286032112 20308
1286033987 20420
1286034849 20451
1286068423 20555
1286106256 20593
1286124428 21040
1286128548 21019
1286130549 21087
1286149218 21161
1286150662 20962
1286156022 20982
1286156567 20984
1286195770 21028
1286197898 21039
1286198484 21288
1286228092 21287
1286228237 22171
1286235248 19873
1286240715 19871
1286241203 19871
1286277717 19868
1286280296 19880
1286284321 21495
1286288621 21521
1286289171 21511
1286308043 21515
1286311336 21563
1286311808 21567
1286315535 20775
1286316055 20886
1286318101 20917
1286322246 20964
1286326476 20981
1286411912 625179
1286412138 625181
1286452865 625276
1286453529 625301
1286454010 625301
1286454658 625320
1286455810 625323
1286913086 625544
1286933699 625502
1286937983 625519
1286972192 625535
1286998663 625671
1287017982 625775
1287185626 625819
1287187508 624837
1287188001 625846
1287433508 612737
1287445947 593535
1288640994 593454
1288646952 593456
1288888323 593699
1288971907 593699
1289049174 594150
1289049825 594714
1289050273 594728
1289050751 594728
1289051024 594731
1289051219 594731
1289051443 594734
1289052212 594737
1289253630 594513
1289254038 594564
1289254232 594584
1289259245 594702
1289339589 594761
1289352061 594807
1289406964 594834
1289436952 594857
1289518831 594901
1289554203 594903
1289556021 594942
1292631615 594996
1293155213 593414
1293288455 593415
1293328857 593406
1293892548 611917
1302827953 609435
1302828689 610422
1302870461 610535
1302899573 610560
1302905289 610715
1302908341 610796
1302914682 610777
1302954170 610922
1302970948 611030
1303003440 611013
1303079020 611015
1303086297 610984
1303126177 611186
1303128513 611023
1303129971 610924
1303174057 610999
1303176949 612562
1303335976 612599
1303338743 612616
1303339453 612620
1303390271 612503
1303395654 612551
1303404134 612523
1303405296 612523
1303429103 612541
1303429184 612836
1303476372 613446
1303580388 612950
1303649208 612970
1303653904 613079
1303690309 613089
1303691923 613084
1303776621 613377
1303777861 613454
1303822178 613554
1303824743 613637
1303832644 613482
1303847738 613401
1303848496 613412
1303854108 613430
1303862457 613354
1303867607 613406
1303946059 615204
1303961513 615259
1303999911 615230
1304024085 615396
1304026934 615334
1304089602 641596
1304115909 641617
1304455912 641771
1304518664 641880
1304523558 642005
1304531641 641972
1304536261 641992
1304697571 641996
1304710047 641911
1304710342 641915
1304710532 641915
1304712067 641915
1304712183 641915
1304712814 641915
1304712844 641915
1304767108 642070
1304767663 642016
1304767848 642017
1304768417 640469
1304861847 636198
1305706976 637808
1305794874 638180
1305806303 638323
1305809044 638347
1306074519 638135
1306102585 637807
1306180853 637807
1307041113 637904
1307048299 637994
1307099450 638012
1307109268 638056
1307808926 638056
1307809269 638061
1307822423 638321
1307823460 638374
1307823585 638374
1308005229 638646
1308091990 638658
1308253505 638069
1308331170 638147
1308358845 638148
1308684214 638188
1308684584 638188
1308700410 638187
1308753599 638439
1308777884 638550
1308963516 638574
1309019330 1683507
1309038361 1683511
1309119051 1683520
1309222144 1683625
1309262242 1683649
1309265282 1683670
1309292347 1683775
1309297107 1683769
1309427887 1683969
1309446181 1683987
1309542686 1683984
1309616692 1683785
1309645355 1683963
1309798495 1683995
1309815804 1684137
1309857594 1684721
1309904973 1684721
1310133803 1634909
1310218933 1615142
1310251647 1615219
1310295955 1615153
1310587784 1615155
1310683939 1614830
1311419521 1632788
1311681086 1632864
1311684276 1632895
1313794418 1632959
1313794788 1630416
1313838281 1630453
1313930526 1630482
1313947681 1630532
1313970872 1630543
1314139146 1630841
1314140241 1630841
1314396841 1630892
1314886263 1631135
1315076331 1630909
1315097462 1683323
1315099146 1683320
1315138094 1683377
1315142135 1683376
1315262688 1683689
1315267742 1683768
1315311416 1683842
1315360782 1684467
1315397809 1684474
1315443757 1684591
1316575861 1685100
1316577255 1685224
1316642409 1685289
1316705553 1685318
1316712120 1685404
1316734482 1685464
1316807232 1685519
1316816841 1685535
1316853439 1685638
1316878646 1685668
1316893858 1685746
1316894240 1685746
1316903555 1685765
1316904520 1685765
1316904658 1685767
1316905381 1685739
1316906838 1685755
1316908827 1685757
1316909593 1685764
1316911296 1685767
1316955948 1685821
1316957742 1685824
1316975374 1685851
1316994546 1685909
1316994981 1685909
1316995813 1685943
1316999825 1656780
1317063670 1246813
1317067902 1235256
1317074823 1235284
1317075221 1235284
1317077229 1235522
1317079402 1235544
1317080780 1235540
1317084131 1235552
1317086525 1235613
1317150984 1235726
1317158584 1235808
1317169605 1140261
1317326885 1140978
1317370671 1220689
1317371268 1220700
1317393639 1220862
1317427737 1220895
1317490503 1221010
1317494522 1221039
1317501708 1221042
1317567420 1221129
1317584079 1221074
1317599919 1221136
1317646555 1221236
1317658642 1221322
1317664601 1221377
1317682521 1221407
1317902585 1221427
1318120515 1221510
1318461710 1221598
1318519439 1221656
1318553989 1221697
1318555102 1223771
1318555680 1223819
1318594455 1224222
1318601866 1224299
1318622102 1224460
1318646854 1224502
1318725065 1224554
1318901569 1224759
1318970438 1225248
1318991590 1225256
1319072882 1225562
1319158872 1225660
1319245054 1225955
1319247988 1225949
1319496471 1226228
1319503612 1226799
1319530177 1226888
1319575922 1226982
1319580321 1226983
1319670080 1227107
1319846880 1227330
1319910558 1227526
1320031249 1227684
1320200902 1227690
1320359288 1227769
1320519904 1226673
1320545489 1226673
1320589590 1226673
1320599483 1226673
1320632938 1226677
1320689876 1226677
1320716966 1226677
1320797371 1226699
1320804622 1226827
1320876996 1226912
1320892393 1227020
1320936960 1227137
1320981305 1227243
1321062845 1227250
1321110735 1227247
1321325398 1227274
1321534591 1227327
1321563694 1227327
1321662723 1227493
1321674818 1227516
1321676185 1227553
1321676361 1227553
1321820908 1227589
1321826725 1227648
1321970253 1227655
1322000860 1229302
1322015299 1229181
1322022520 1229278
1322054808 1230153
1322099451 1229438
1322441890 1229451
1322487292 1236354
1322533085 1236479
1322593152 1236559
1322616450 1236557
1322690960 1236565
1322697535 1236565
1322777927 1236565
1322787065 1230269
1322961455 1230337
1322968636 1229717
1323017597 1229739
1323053617 1229782
1323057464 1229790
1323133106 1229883
1323306369 1230088
1323392504 1230221
1323466175 1230062
1323478094 1232281
1323569126 1294141
1323662342 1230191
1323721661 1230170
1323722293 1230182
1323741864 1230182
1323779545 1230182
1323829251 1230184
1323997014 1230198
1324012402 1230233
1324083460 1230417
1324090604 1230276
1324138215 1230607
1324139025 1230608
1324150309 1230867
1324155953 1230978
1324292087 1231034
1324314977 1231034
1324397854 1231046
1324487533 1231046
1324515237 1231046
1324696407 1231046
1324721829 1231046
1324755062 1231062
1324783885 1231220
1324784500 1231226
1324784598 1231228
1324784813 1231230
1325084407 1231233
1325114478 1231254
1325119656 1231253
1325173715 1231295
1325289573 1231222
1325301193 1231257
1325302142 1231206
1325324171 1231217
1325343994 1231218
1325380914 1231218
1325562241 1231218
1325647912 1231218
1325740047 1231218
1325785000 1231218
1325813849 1231218
1325925829 1231218
1326074355 1231218
1326144830 1231218
1326164412 1231218
1326211518 1231218
1326326341 1231218
1326334843 1231263
1326395784 1231421
1326399594 1232797
1326409404 1232823
1326424314 1232823
1326495113 1232823
1326506473 1232823
1326555018 1232823
1326602484 1232823
1326684954 1232826
1326722610 1232826
1326725433 1232826
1326857718 1232918
1326928632 1231882
1326939340 1231882
1327269444 1231882
1327284857 1231882
1327285382 1191992
1328628131 1191994
