
1295.65 33238 29 189243 83818 29449
1296.19 38574 22 216952 89262 29961
1296.79 35408 32 177959 76856 29387
1297.39 37531 30 179077 77027 29057
1298.05 33586 33 165847 74060 28187
1298.68 32933 13 223547 91305 28588
1299.31 31181 14 206625 82575 27909
1299.91 33946 17 167671 68823 23406
1300.35 30990 15 170226 74187 23888
1300.86 32532 18 212378 88266 28016
1301.54 33702 18 247820 89119 29961
1302.34 36105 21 239231 100439 29961
1303.08 36037 27 199860 89483 29162
1303.79 36732 31 189915 78843 29419
1304.48 35755 25 221230 84684 29419
1305.22 36739 28 210362 86384 29449
1306.05 35322 22 235123 88241 29479
1306.85 40108 23 244944 90921 29961
1307.64 33623 23 216856 84289 29222
1308.38 34427 29 197188 79746 29027
1309.07 39176 32 178652 72452 29027
1309.73 35388 32 181086 77321 28740
1310.39 34704 32 199953 79271 29222
1311.03 41746 34 194535 75619 29222
1311.69 37132 36 188741 74304 28935
1312.33 40072 36 188821 74792 29387
1312.92 35707 32 203820 81847 29674
1313.52 39148 38 198238 83136 29961
1314.11 37018 35 194819 82612 29299
1314.64 37934 32 208930 82446 29299
1315.22 34301 12 265964 89717 28065
1315.78 33973 15 248918 85811 29299
1316.33 39841 32 183638 76624 28667
1316.85 39036 28 187369 71173 27373
1317.34 36175 20 178425 70190 26109
1317.84 32445 16 184770 73672 24181
1318.31 32503 14 173494 67016 20854
1318.76 31838 15 193928 75269 23232
1319.39 34374 17 217368 88553 27493
1320.16 36258 25 235053 96099 29961
1320.90 35255 32 170385 80683 29387
1321.50 35368 31 195726 88582 29479
1322.07 37115 23 241013 105454 29961
1322.78 36151 13 298491 108145 29961
1323.51 34663 18 255650 117183 29961
1324.15 34085 11 292104 122519 29961
1324.77 34723 16 277998 103996 29222
1325.58 35383 23 247807 104720 29674
1326.42 33834 16 274978 109587 29961
1327.12 34758 9 311306 128844 29961
1327.88 34703 11 295501 108478 29961
1328.60 42874 18 246368 95889 28967
1329.28 35419 26 202302 89425 29509
1329.97 35028 15 262987 100070 29961
1330.83 33840 21 249072 92193 29961
1331.67 35723 26 223444 83058 29299
1332.49 33403 25 221867 83042 29299
1333.35 37094 23 233869 81878 29299
1334.21 38843 22 243990 88565 29961
1335.05 33748 28 206508 91800 29961
1335.88 38468 27 228706 84226 29961
1336.67 36900 26 235425 91163 29449
1337.49 36713 11 267937 87194 29299
1338.24 39720 16 278308 96255 23055
1339.02 35688 16 265878 100867 28155
1339.83 35894 19 239251 94869 27463
1340.66 35064 17 232949 81873 28005
1341.42 33376 16 233801 85962 26711
1342.16 32791 23 170367 67928 24875
1342.71 31876 17 202349 77211 27523
1343.15 31700 21 196117 79146 27523
1343.62 31981 20 196065 80229 26229
1344.14 31124 24 179068 72840 26199
1344.63 32984 23 180905 70294 25477
1345.16 30485 16 202859 77593 24725
1345.73 34999 22 210811 75200 25387
1346.34 34524 24 216952 85540 20138
1346.99 34025 26 216010 83130 29299
1347.62 35289 24 237891 97203 29961
1348.31 36001 32 212538 84306 29299
1349.00 38224 29 206589 80528 29961
1349.70 33189 28 200931 82544 28877
1350.36 37141 29 198395 79755 25675
1351.01 32566 30 194941 82271 25732
1351.65 32658 8 253403 96981 29674
1352.32 40194 20 205040 85395 27326
1353.02 36096 21 208635 80408 28740
1353.70 35779 20 175573 75106 24775
1354.27 31779 18 176277 71927 24068
1354.85 31170 19 177566 79223 25891
1355.25 35264 19 226564 85673 29674
1355.87 35042 22 218152 83342 29419
1356.57 35618 26 196557 79951 29449
1357.25 34218 14 248256 90063 29961
1358.07 31051 22 159257 74498 25852
1358.63 31434 23 137053 59125 23159
1359.13 30977 19 158744 64097 23731
1359.60 27498 21 133235 53861 20991
1360.02 26489 7 139409 53983 21214
1360.37 25917 14 77187 35044 15762
1360.65 28304 17 108625 53399 23183
1361.02 27940 8 184376 75064 25231
1361.46 31407 24 132508 59157 25021
1361.98 28511 20 152723 62945 24087
1362.51 31088 12 150069 60134 25818
1362.92 34927 26 148578 65192 24991
1363.40 31342 28 135547 68963 27926
1363.91 31753 25 143039 70195 26722
1364.42 31410 20 159415 62806 23922
1364.90 29912 24 124898 55859 25006
1365.39 28387 19 117613 54489 22461
1365.81 29849 21 115706 52512 24057
1366.24 29591 24 103510 57500 24689
1366.67 28641 15 137761 57802 22688
1367.16 29093 22 126842 58321 22778
1367.68 29419 14 158303 66984 23200
1368.20 29029 25 111105 52905 22372
1368.70 29491 22 123234 55857 22808
1369.22 27780 24 111218 54866 22808
1369.72 29328 24 112585 53285 24269
1370.20 29269 24 113822 55359 25458
1370.66 31712 25 108233 64853 24479
1371.11 27908 26 101638 53450 19303
1371.56 30488 18 133263 59236 23140
1372.15 30927 15 193429 77650 26319
1372.73 32510 31 155940 73274 27718
1373.39 29726 27 137606 61579 25852
1373.89 30679 24 150835 65204 26681
1374.44 32644 31 156970 67692 28065
1375.07 29878 5 271698 98519 28155
1375.71 31261 10 236814 93314 28095
1376.41 31883 24 173275 67083 27463
1377.01 31138 15 195968 73032 26831
1377.65 31518 24 182101 68760 26921
1378.31 30570 10 213019 79566 26169
1378.88 32088 25 190193 78889 28371
1379.59 29600 23 170652 65853 25008
1380.32 30727 19 214253 90382 28637
1381.11 33497 25 212577 80968 27975
1381.91 33109 30 183302 83097 28637
1382.72 32606 23 215610 93241 29387
1383.44 28207 3 191673 80506 22607
1383.93 28614 26 125809 55994 25233
1384.33 29115 25 98468 48598 22975
1384.65 28424 17 156430 73305 23425
1385.02 34354 28 142814 69671 27099
1385.48 30708 22 152606 71530 25921
1385.89 29494 20 171638 69630 26176
1386.34 28632 15 181378 76085 26705
1386.75 29689 16 161472 73400 25096
1387.24 31422 19 158680 68578 26797
1387.75 28272 7 170634 67115 23213
1388.23 31507 13 207832 76743 26782
1388.81 27833 12 186791 75891 24976
1389.32 31194 18 162861 68478 26482
1389.83 30995 21 155823 70318 27084
1390.36 32061 17 168037 73471 27234
1390.86 28948 20 158780 66248 25820
1391.34 31148 16 187866 80677 28967
1391.77 33318 7 271867 95746 27793
1392.15 45779 24 189671 84971 28335
1392.60 33151 32 148538 77923 27101
1393.00 37388 26 182830 90054 29299
1393.39 32715 21 173110 81129 28275
1393.79 34165 26 173552 74423 28787
1394.17 30644 23 189855 81942 28245
1394.57 35653 27 226649 97233 29961
1394.95 36900 26 234493 104291 29961
1395.41 32492 19 218091 84308 27296
1395.90 29931 25 155003 88053 27356
1396.32 31169 29 159431 72608 23931
1396.72 34284 30 181929 81496 29961
1397.19 35377 26 197190 81888 28817
1397.66 33080 31 197465 81450 29961
1398.12 34995 27 194814 92162 29299
1398.56 33626 28 191024 88316 29479
1399.04 35829 31 198119 94155 29329
1399.53 36942 34 182220 87167 28667
1399.99 34444 35 185296 78466 28125
1400.54 32974 25 192427 83330 29961
1401.07 28258 8 205526 91370 26120
1401.53 31029 32 141769 71293 28335
1402.08 31313 31 142401 71328 27958
1402.55 33608 29 147380 73360 28078
1403.11 30377 22 152473 72301 27868
1403.66 31066 27 110343 61030 26857
1404.15 26695 11 157349 69584 24421
1404.61 30919 19 130336 62753 22416
1405.04 27609 5 208687 92210 23864
1405.35 30856 24 157557 70963 25835
1405.80 41308 25 168172 73231 26949
1406.21 31731 21 174883 74859 28727
1406.63 32265 19 196692 72842 26409
1407.07 30554 13 186911 70268 24421
1407.56 31280 15 201597 74706 25790
1408.19 37698 19 235066 98582 24402
1409.15 36891 12 288704 114439 29961
1410.04 38014 23 196418 77754 28847
1410.71 36911 30 187800 84337 29961
1411.46 39624 28 217710 93685 29479
1412.35 37920 30 202708 82737 29479
1413.21 39417 30 200237 82885 29509
1414.05 33165 32 167231 71643 27718
1414.86 37550 26 163414 66464 26681
1415.62 32848 26 168865 67652 23734
1416.37 38242 29 176165 67339 26681
1417.14 34114 29 192106 83342 28637
1417.87 35723 29 198814 77344 28667
1418.54 35971 33 188264 81193 28637
1419.09 41389 33 195950 77614 29299
1419.60 36472 25 217872 90704 28727
1420.10 36161 11 293487 124365 29299
1420.64 34539 6 320969 123139 29961
1421.27 40867 15 276186 102433 29961
1421.92 43132 32 214225 93748 29961
1422.60 42077 8 325568 108614 29961
1423.28 41109 9 314532 111295 29961
1423.96 38970 9 310265 114853 29961
1424.61 38490 12 301459 110047 29961
1425.28 41664 11 298820 99474 29961
1426.01 37210 27 207379 90836 29674
1426.69 37527 27 198398 87047 29222
1427.38 38453 14 278068 94833 29222
1428.10 35417 16 265810 99946 29674
1428.82 33014 14 239836 99074 28935
1429.48 41500 10 300428 98715 29674
1430.35 34954 2 348122 129706 29674
1431.24 39249 21 236844 94940 29961
1432.08 35117 25 220504 88569 29961
1432.89 34969 22 230021 91607 28935
1433.78 40074 34 189351 84977 29674
1434.28 35073 33 182383 88757 29961
1434.81 34883 10 294592 106141 29961
1435.30 34197 14 261920 97446 29961
1435.76 36604 1 306858 125331 29674
1436.31 39106 12 263048 102342 29961
1447.67 37704 23 221228 83694 27898
1448.40 36783 22 229207 91139 28185
1449.11 33443 20 234057 92134 28847
1449.80 37655 10 272280 101020 28275
1450.41 33932 8 271052 95527 28361
1451.01 34156 17 221710 85619 27427
1451.64 31976 1 332030 118956 28785
1452.19 31945 10 281953 99493 29961
1452.85 31568 7 260438 90385 28697
1453.57 31114 7 249063 94139 28108
1454.27 30509 3 276865 85717 28018
1454.98 35532 20 250215 82108 29299
1455.70 32426 11 235745 80851 27356
1456.38 34880 13 242530 80486 28005
1457.08 36941 13 229061 75634 25687
1457.84 35717 15 196608 76573 24303
1458.47 36900 30 165147 72116 25687
1459.02 31950 30 151172 63174 24582
1459.48 29016 7 208971 78892 25130
1460.00 28257 7 225851 77064 25417
1460.55 28740 6 246719 89137 24393
1461.12 30910 11 235042 83541 23039
1461.66 33033 20 209743 77604 25417
1462.19 33288 23 204716 80556 24303
1462.78 30428 19 216791 79511 26769
1463.42 36928 21 213492 78054 26454
1464.12 34264 24 194939 81467 27403
1464.81 30599 28 166629 73376 26289
1465.43 31896 27 164278 73467 26861
1466.08 31316 24 178116 82711 28125
1466.72 30650 28 161411 63305 28155
1467.33 28661 29 134789 67943 26861
1467.90 32160 15 173774 66937 26289
1468.46 29206 14 178323 75065 25025
1469.01 30314 33 127057 57237 27493
1469.58 28731 28 146683 60849 26951
1470.14 28691 28 143269 62882 28637
1470.70 30612 30 150180 64944 28035
1471.28 29098 12 210119 87511 27493
1471.86 31549 22 176879 74674 28185
1472.49 31533 27 177156 66897 23829
1473.10 30520 23 177776 70541 25175
1473.75 33794 18 188546 66515 25627
1474.42 31958 15 209905 82643 25025
1475.15 36913 16 248670 86753 28005
1475.87 35163 23 253399 89534 29449
1476.50 34972 18 240417 88535 29449
1477.12 37523 15 263733 91110 29299
1477.79 39439 18 268616 93125 29329
1478.47 34432 7 312002 100619 29961
1479.31 34396 1 353601 127756 29961
1480.19 38312 20 271933 96648 29329
1481.08 36973 21 259004 90184 28275
1481.94 37502 21 241026 89556 29449
1482.78 35621 26 217925 88889 28530
1483.58 34085 24 222040 91807 29222
1484.27 35372 17 239454 85305 27733
1484.94 33165 26 187905 74102 27457
1485.42 25681 2 145202 66613 16214
1486.07 26908 5 186324 77773 24059
1486.40 22888 6 102428 45740 13525
1486.69 18918 0 38459 13931 4879
1487.01 23857 6 122665 50682 20732
1487.41 24209 2 161809 66496 22373
1487.84 26091 6 132096 56075 20265
1488.31 19947 1 40346 18331 6471
1488.69 18217 0 12168 8679 3084
1488.91 18480 0 23398 12147 3600
1489.17 18543 0 19304 9289 2302
1489.41 19443 4 25564 13339 5809
1489.66 19236 3 22107 11101 4890
1489.89 22679 4 34933 16068 6981
1490.26 23936 3 115859 49062 17163
1490.86 22141 2 100104 36034 15325
1491.31 28056 3 88260 37717 13817
1491.65 25866 8 142733 56194 20488
1491.99 25316 1 186695 89270 26165
1492.34 29173 1 226227 95238 26709
1492.71 29575 9 188112 74693 26649
1493.16 26414 4 122498 52778 18472
1493.67 20340 1 60468 25323 13532
1494.14 24206 4 126875 50830 20278
1494.53 22396 4 67352 33524 11936
1495.31 23106 3 76449 39527 12823
1496.02 20900 0 77115 34230 9453
1496.77 28757 5 180268 67001 23093
1497.10 28512 2 156297 71306 22598
1497.44 24260 5 143809 58517 21441
1497.79 30639 3 185855 61472 23097
1498.17 26633 5 202039 70032 23971
1498.53 30792 12 206853 73368 25867
1498.90 31992 14 219314 77881 26934
1499.34 36513 14 249211 95719 28425
1499.76 37220 11 245564 81282 28425
1500.19 30875 11 236618 81976 28455
1500.58 36863 10 236702 88158 28425
1500.97 28259 6 243655 91846 26407
1501.33 34119 3 225961 93345 25957
1501.66 25302 2 163488 70853 20357
1502.00 28773 14 152316 58922 23819
1502.31 29828 12 173539 70470 26679
1502.66 29686 7 176388 76459 23939
1502.99 27344 5 199792 82105 26047
1503.34 27322 4 185039 74931 22977
1503.68 26792 5 206928 73688 27011
1504.06 27768 4 184680 65887 24873
1504.42 29484 3 203544 98783 26167
1504.81 28486 4 204224 91989 27431
1505.20 29264 5 193035 86986 27823
1505.57 30603 5 168346 63768 24573
1505.93 31033 3 228577 78033 28335
1506.41 30265 2 246932 112299 27371
1506.97 28651 6 183112 76062 25355
1507.41 32365 6 183555 69078 26017
4.73 4527 0 0 0 0
6.84 4299 0 0 0 0
10.72 5682 0 0 0 0
11.32 518539 55 10181210 3103416 186376
13.11 528008 54 10087983 3248897 220858
13.86 530429 54 10409467 3170243 206211
15.05 544118 52 10814974 3347262 191650
16.25 517361 48 10492819 3428892 209333
18.25 502660 49 10570994 3308482 208970
19.59 517853 49 10529833 3358251 198754
20.61 521524 50 10503649 3410649 210649
21.61 551125 51 10906268 3530042 196827
22.64 527845 53 10785221 3516935 217709
34.80 603247 34 14804257 4356589 247640
35.83 588669 37 14224669 4273895 255768
36.85 597805 35 14633611 4298696 256161
38.39 588873 35 14712611 4345536 258687
39.79 567131 35 14279830 4226425 255642
41.29 574228 34 14527970 4237872 255903
43.65 507070 41 11627040 3601684 221829
44.84 582316 57 11137822 2988910 176825
46.11 574728 56 11170372 3160734 179008
47.54 566327 58 10863099 3136672 174474
48.36 597898 54 11296494 3231889 185510
53.41 191667 47 3054010 1503119 45227
54.24 188205 45 3143161 1541625 46233
55.20 199026 44 3265401 1616868 50941
55.99 195316 55 2975570 1470774 53811
56.89 186660 48 2950884 1537340 54271
57.73 188169 46 2976797 1637097 56742
67.05 198103 49 3063024 1793648 63860
68.18 209282 43 3381545 1786445 64183
73.31 546579 59 10545691 3426646 254165
74.78 586589 57 10831994 3639159 221743
96.25 531161 58 10853125 3511264 290726
97.64 511923 59 10901017 3414300 269020
98.83 517065 60 10728651 3470996 295447
100.04 503786 57 10667158 3409392 206919
100.89 524458 59 10641565 3460448 273601
102.44 558124 58 10498165 3425572 224695
103.53 570808 58 10700940 3437124 286968
104.64 597044 57 10794447 3381803 277574
105.76 511709 58 10261536 3417050 280268
106.76 502794 57 10231433 3356038 281186
107.78 537636 56 10807245 3449667 199595
108.85 526837 58 10374728 3151536 225689
109.91 531180 57 10211387 3062717 260709
110.99 578627 58 10894347 3405408 278624
112.10 611101 51 11401894 3419883 278581
113.24 586004 56 10716770 3455327 230245
114.36 554333 57 10756980 3370490 217307
115.46 585518 52 11126030 3436363 271400
116.54 577444 56 10555182 3237831 276571
117.66 663414 56 10740295 3334818 281369
118.82 542490 54 10835657 3300781 270327
119.85 550381 52 11183886 3448198 276463
120.88 542190 56 10711738 3337381 278822
121.92 548383 56 10665411 3280922 278964
122.96 518993 57 10434424 3373162 246388
123.94 512620 58 10270903 3331601 280849
124.91 537594 57 10907299 3397110 281187
125.93 508783 57 10106508 3324266 261170
126.94 527469 56 10533351 3329813 278782
127.96 567750 58 10590775 3335209 278470
129.08 584599 56 10689448 3432372 233357
130.23 640137 54 10851553 3378563 282765
131.40 576974 56 10870061 3450099 279186
132.50 519670 58 10186857 3303276 217001
133.55 506738 59 10094682 3302393 210075
134.55 563107 52 11529675 3481336 278843
135.62 528302 57 10412710 3274085 279871
136.66 523610 57 9951811 3220974 280756
137.68 523929 57 10132668 3197031 277768
138.68 534066 52 11068388 3321488 262717
139.69 554006 52 11080322 3798488 307720
140.74 584542 46 12436609 4188406 270181
141.84 622389 45 12697918 4055241 299862
142.99 702844 23 17982581 5249290 322766
144.24 661497 28 16335527 4658786 319368
145.44 635377 51 12930408 4323760 331290
146.60 674111 52 12811660 4473492 337532
147.88 658751 43 13439296 4473734 320787
149.15 615787 42 13483836 4560749 311772
150.33 593107 46 12623031 4290544 316570
151.48 598925 46 12821703 4435597 323172
6.54 601460 63 10074667 3047337 225442
8.78 561574 59 10159766 3208893 233998
19.01 585844 55 10839562 3409658 240358
20.58 562066 61 10070381 3260345 225377
33.30 513171 56 10231180 3430411 219227
34.07 519479 52 10468283 3562821 211158
35.18 517783 57 10231778 3494501 211203
36.03 519023 55 10349790 3542615 204300
36.87 521497 56 10256301 3563424 204610
37.64 533386 52 10896100 3718802 211683
38.50 536360 52 10858616 3663283 207815
39.56 547464 52 10910603 3692901 204500
49.76 267202 36 3255417 3775244 243050
50.83 268544 34 3289976 3697844 240255
51.85 272328 33 3350549 3845036 195725
53.50 281800 38 3289095 3762667 240067
54.05 260109 31 3349565 3805901 196525
54.67 271329 33 3287108 3722706 190248
55.28 267066 35 3261902 3797082 191622
55.85 274203 34 3243204 3687251 241452
56.48 254464 35 3223543 3757825 239546
63.99 512050 43 11083931 3714149 234901
65.48 517372 43 11130494 3792648 236429
72.03 508261 43 11334428 3873683 242206
72.89 516141 47 10973726 4111356 247419
73.72 514618 49 10342395 3683065 229531
74.90 496638 49 9852285 3511416 220716
75.74 544558 46 10886831 3867679 221189
76.63 539913 52 10831557 3981440 240009
77.50 532113 48 11479475 4067026 251275
78.39 537338 43 11582341 3967737 237391
79.29 540955 44 11308852 3891933 232791
80.25 682321 54 10821024 3718186 4025417
81.27 532981 50 11124365 3969596 251203
82.14 520980 49 11105511 3959492 209468
82.98 518941 47 11697876 3963898 204346
83.81 519852 52 10903223 3812400 202118
84.67 540399 51 11137645 3954551 234361
85.65 519073 54 10723951 3832434 239312
86.71 525457 52 11093796 3966514 233314
87.57 530067 47 11622577 4018722 245268
88.43 524881 49 11219131 3962183 249647
89.27 514465 47 11386366 4109744 248856
90.11 516972 43 12014041 3970255 236405
90.95 510390 44 11517859 3929734 246667
91.81 553707 50 10856487 3733198 245939
92.91 540031 47 11276411 3874865 246039
93.76 540310 49 11351852 3979226 240908
94.65 535897 45 11998483 4073179 253615
95.55 313633 28 4287571 4224498 266061
96.22 345536 31 4242618 4165426 269619
96.91 323079 29 4108152 4067117 239421
97.57 310275 25 4168068 4058228 235626
98.24 295115 19 4260718 4143186 248156
99.05 318143 27 4102337 4125772 249691
99.59 310003 31 3934227 4004897 236003
100.29 309999 31 4036088 4014888 216879
104.17 294327 30 3931487 3902856 204993
105.44 295444 28 4013475 3999459 238855
110.94 267256 39 3199711 3776907 199171
111.95 261483 37 3172812 3799188 245110
113.01 259156 39 3089302 3720013 210837
114.04 260665 35 3258959 3865639 243006
114.94 278269 40 3086633 3628742 246033
115.55 267501 38 3010897 3544614 218821
116.16 267266 33 3451117 3929789 255861
116.76 250282 28 3347598 3873979 246241
117.34 166640 24 2117620 2465617 153765
117.91 266872 40 3033253 3476285 229721
118.66 226723 42 2507812 2642703 168594
119.25 210414 43 2427726 2466762 194559
119.87 228054 45 2417685 2524380 167185
120.50 220387 43 2499976 2625459 176686
121.15 248826 50 2592604 2806802 206465
121.94 259756 48 2822236 2944573 180200
122.64 264818 50 2875900 3128177 194165
123.26 304392 40 3270050 3696142 217710
123.98 289290 35 3402126 3978466 260189
8.00 497076 56 9732845 3276642 238419
9.32 495601 63 9061656 3076804 224179
24.81 285552 42 3346814 3463414 244301
25.83 287181 46 3216540 3346791 193046
26.84 286985 42 3390571 3448616 176859
27.70 299066 45 3410773 3465257 237383
29.22 273251 37 3459092 3501792 238722
30.22 286028 44 3387445 3502239 242451
42.11 212442 44 3444070 1769368 187124
43.37 212060 43 3423816 1818891 188154
44.27 214889 48 3298586 1780717 188912
45.22 208245 48 3253524 1711411 192959
45.92 192217 45 2944430 1541573 131808
46.73 220418 49 3126314 1677897 158488
47.61 233185 48 3396495 1854564 216957
48.61 211073 40 3143017 1658986 180951
49.46 201128 42 2915317 1586583 191413
50.32 212830 48 3104487 1510230 158121
51.20 228594 46 3074268 1540435 148062
52.09 215488 47 3014657 1500761 150212
52.99 223201 46 3087275 1557488 156965
53.99 260074 48 3071122 1520899 149870
54.85 225221 48 3085126 1512728 138580
5.32 4434 0 0 0 0
10.98 4219 0 0 0 0
11.90 4192 0 0 0 0
4.69 4438 0 0 0 0
8.43 4255 0 0 0 0
5.34 14439 0 0 0 0
10.86 4258 0 0 0 0
11.75 4064 0 0 0 0
12.45 4090 0 0 0 0
12.99 4106 0 0 0 0
13.51 5038 0 0 0 0
13.69 4158 0 0 0 0
14.24 4233 0 0 0 0
14.43 4447 0 0 0 0
15.21 4117 0 0 0 0
15.77 7191 0 0 0 0
4.68 4606 0 0 0 0
5.81 4444 0 0 0 0
6.47 4342 0 0 0 0
7.57 4478 0 0 0 0
5.94 4219 50 0 0 0
11.36 4145 50 0 0 0
5.93 3978 0 0 0 0
11.38 3821 0 0 0 0
4.75 4450 0 0 0 0
5.23 4211 0 0 0 0
10.13 4428 0 0 0 0
12.95 4186 0 0 0 0
5.67 4211 0 0 0 0
5.90 4544 0 0 0 0
4.90 4333 0 0 0 0
5.03 11813 0 0 0 0
6.43 3262 0 0 0 0
12.47 3238 0 0 0 0
13.61 3140 0 0 0 0
15.60 3185 0 0 0 0
5.08 4777 0 0 0 0
5.36 16226 0 0 0 0
11.36 5898 0 0 0 0
14.07 6859 0 0 0 0
5.23 5876 0 0 0 0
6.83 4612 0 0 0 0
10.24 5802 0 0 0 0
5.09 21747 0 0 0 0
6.57 5483 0 0 0 0
7.63 5679 0 0 0 0
8.33 5612 0 0 0 0
9.19 6238 0 0 0 0
9.90 6070 0 0 0 0
10.77 5864 0 0 0 0
4.95 5410 0 0 0 0
4.99 5903 0 0 0 0
6.28 6919 0 0 0 0
7.76 5664 0 0 0 0
8.31 5643 0 0 0 0
8.86 5614 0 0 0 0
9.44 5927 0 0 0 0
10.01 5709 0 0 0 0
10.56 5717 0 0 0 0
11.10 5490 0 0 0 0
11.65 7715 0 0 0 0
12.20 9794 0 0 0 0
12.75 9740 0 0 0 0
13.32 5563 0 0 0 0
13.90 8264 0 0 0 0
14.48 9118 0 0 0 0
15.07 5545 0 0 0 0
15.65 6888 0 0 0 0
16.23 9963 0 0 0 0
16.82 9627 0 0 0 0
17.40 5530 0 0 0 0
17.98 9733 0 0 0 0
18.55 5797 0 0 0 0
19.12 5496 0 0 0 0
19.64 5339 0 0 0 0
20.09 5537 0 0 0 0
20.50 9634 0 0 0 0
20.91 5449 0 0 0 0
21.33 5491 0 0 0 0
21.74 5675 0 0 0 0
22.15 5594 0 0 0 0
22.97 5707 0 0 0 0
23.41 6402 0 0 0 0
23.81 7945 0 0 0 0
24.21 6543 0 0 0 0
24.65 5582 0 0 0 0
25.45 5331 0 0 0 0
25.89 7961 0 0 0 0
26.32 7623 0 0 0 0
26.74 5601 0 0 0 0
27.35 5687 0 0 0 0
4.91 6014 0 0 0 0
5.43 5832 0 0 0 0
5.85 5831 0 0 0 0
6.22 6070 0 0 0 0
7.15 5666 0 0 0 0
7.88 5744 0 0 0 0
10.14 5873 0 0 0 0
11.05 5443 0 0 0 0
11.53 6140 0 0 0 0
12.52 211643 41 3501656 1841991 217948
13.18 206777 36 3672443 1896508 215160
14.07 205156 40 3495569 1847553 168705
14.56 203706 35 3656202 1888949 166794
15.57 211852 34 3773762 1991715 168225
16.21 210616 41 3495522 1860408 171655
16.85 211336 34 3677179 1939862 168970
17.48 219572 40 3411729 1830857 218588
18.13 217765 41 3432508 1849898 176509
18.80 226540 38 3562812 1927141 217100
19.65 211505 40 3557878 1833081 217818
21.10 5442 40 0 0 0
21.46 5652 40 0 0 0
21.83 5382 40 0 0 0
22.15 5208 40 0 0 0
22.58 6395 40 0 0 0
22.97 5348 40 0 0 0
23.46 5353 40 0 0 0
23.78 5507 40 0 0 0
24.22 5601 40 0 0 0
24.70 5701 40 0 0 0
25.23 5251 40 0 0 0
25.83 5645 40 0 0 0
26.48 5748 40 0 0 0
27.04 5436 40 0 0 0
27.59 5453 40 0 0 0
28.08 5758 40 0 0 0
29.61 5634 40 0 0 0
30.50 9485 40 0 0 0
30.97 5488 40 0 0 0
31.66 9652 40 0 0 0
32.48 7460 40 0 0 0
33.22 9576 40 0 0 0
33.88 5900 40 0 0 0
34.66 9614 40 0 0 0
35.51 5693 40 0 0 0
36.30 5587 40 0 0 0
37.08 5793 40 0 0 0
37.85 5637 40 0 0 0
38.63 9976 40 0 0 0
39.39 5713 40 0 0 0
40.12 5396 40 0 0 0
40.81 5574 40 0 0 0
41.49 5809 40 0 0 0
42.13 5499 40 0 0 0
42.77 5880 40 0 0 0
43.46 7162 40 0 0 0
44.23 5853 40 0 0 0
44.98 5795 40 0 0 0
45.74 5790 40 0 0 0
46.52 5762 40 0 0 0
47.34 5836 40 0 0 0
48.17 5481 40 0 0 0
48.97 5414 40 0 0 0
49.77 5916 40 0 0 0
50.55 9004 40 0 0 0
51.27 5906 40 0 0 0
51.93 10008 40 0 0 0
52.53 5604 40 0 0 0
53.13 9897 40 0 0 0
53.74 5728 40 0 0 0
54.33 5973 40 0 0 0
54.95 9584 40 0 0 0
55.57 5623 40 0 0 0
56.18 9696 40 0 0 0
56.75 5638 40 0 0 0
57.24 9863 40 0 0 0
57.67 5400 40 0 0 0
58.12 5526 40 0 0 0
58.71 5580 40 0 0 0
59.41 10071 40 0 0 0
60.12 5687 40 0 0 0
60.89 9839 40 0 0 0
61.68 9784 40 0 0 0
62.48 9879 40 0 0 0
63.30 5596 40 0 0 0
64.10 5894 40 0 0 0
64.87 5650 40 0 0 0
65.60 5782 40 0 0 0
66.28 5843 40 0 0 0
66.95 5608 40 0 0 0
67.58 5685 40 0 0 0
68.18 5521 40 0 0 0
68.75 5566 40 0 0 0
69.32 5626 40 0 0 0
69.87 5477 40 0 0 0
70.46 5669 40 0 0 0
71.07 5677 40 0 0 0
71.71 5460 40 0 0 0
72.40 5519 40 0 0 0
73.15 6184 40 0 0 0
73.94 5723 40 0 0 0
74.66 7086 40 0 0 0
75.29 5522 40 0 0 0
75.82 5791 40 0 0 0
76.34 5970 40 0 0 0
76.82 5827 40 0 0 0
77.27 5585 40 0 0 0
77.76 5446 40 0 0 0
78.23 5878 40 0 0 0
78.81 6007 40 0 0 0
79.47 5765 40 0 0 0
80.34 5702 40 0 0 0
81.00 5862 40 0 0 0
81.30 5193 40 0 0 0
81.64 5770 40 0 0 0
82.94 5499 40 0 0 0
84.41 5132 40 0 0 0
84.69 5315 40 0 0 0
84.92 5236 40 0 0 0
85.17 5181 40 0 0 0
85.42 5529 40 0 0 0
85.66 5874 40 0 0 0
85.96 5285 40 0 0 0
86.20 5055 40 0 0 0
86.47 5155 40 0 0 0
86.72 5175 40 0 0 0
86.96 5324 40 0 0 0
87.34 6803 40 0 0 0
87.59 5407 40 0 0 0
87.88 5346 40 0 0 0
88.61 5442 40 0 0 0
89.18 5436 40 0 0 0
89.56 5710 40 0 0 0
90.31 5884 40 0 0 0
90.91 5086 40 0 0 0
91.58 6634 40 0 0 0
92.04 5721 40 0 0 0
92.53 5325 40 0 0 0
92.93 5486 40 0 0 0
93.33 5694 40 0 0 0
93.78 5406 40 0 0 0
94.24 5212 40 0 0 0
94.68 5350 40 0 0 0
95.23 5410 40 0 0 0
95.77 5355 40 0 0 0
96.30 5558 40 0 0 0
96.85 5591 40 0 0 0
97.39 5979 40 0 0 0
97.96 7861 40 0 0 0
98.51 5375 40 0 0 0
99.06 5378 40 0 0 0
99.58 5215 40 0 0 0
100.11 5167 40 0 0 0
100.63 5519 40 0 0 0
101.15 5773 40 0 0 0
101.68 5353 40 0 0 0
102.21 5651 40 0 0 0
102.76 5237 40 0 0 0
103.28 5496 40 0 0 0
103.81 5140 40 0 0 0
104.35 5391 40 0 0 0
104.89 5674 40 0 0 0
105.36 5373 40 0 0 0
105.90 5523 40 0 0 0
106.43 8495 40 0 0 0
106.98 5213 40 0 0 0
107.52 5433 40 0 0 0
108.04 5141 40 0 0 0
108.57 7163 40 0 0 0
109.11 5568 40 0 0 0
109.65 5295 40 0 0 0
110.17 5249 40 0 0 0
110.68 5241 40 0 0 0
111.21 5278 40 0 0 0
111.73 5486 40 0 0 0
112.26 5199 40 0 0 0
112.78 5647 40 0 0 0
113.32 5273 40 0 0 0
113.85 5542 40 0 0 0
114.36 5382 40 0 0 0
114.89 5641 40 0 0 0
115.41 5576 40 0 0 0
115.94 5521 40 0 0 0
116.47 5222 40 0 0 0
117.00 5277 40 0 0 0
117.53 8309 40 0 0 0
4.79 5690 0 0 0 0
5.77 5613 0 0 0 0
6.55 5799 0 0 0 0
7.12 5505 0 0 0 0
7.89 5494 0 0 0 0
8.82 5463 0 0 0 0
9.57 5805 0 0 0 0
13.65 265412 58 3396310 1792843 171488
14.10 268521 55 3544397 1736681 178349
15.69 262936 57 3450337 1711678 194103
16.14 264653 56 3540623 1772445 181417
18.48 256261 58 3506437 1703884 177675
18.93 247853 52 3675688 1823334 196957
20.85 253968 57 3435264 1703732 167073
21.29 267994 57 3449734 1773925 162694
27.81 241232 52 3381020 1604348 160608
28.73 231566 46 3501209 1701781 169736
10.32 201881 37 2734775 1436897 166427
18.52 18545 37 0 0 0
19.60 6289 37 0 0 0
20.21 6490 37 0 0 0
21.06 6349 37 0 0 0
21.71 6857 37 0 0 0
22.39 6824 37 0 0 0
23.05 7137 37 0 0 0
23.83 7432 37 0 0 0
24.63 5999 37 0 0 0
25.29 5908 37 0 0 0
25.97 7213 37 0 0 0
26.62 6562 37 0 0 0
27.25 6949 37 0 0 0
27.88 6969 37 0 0 0
28.51 12316 37 0 0 0
29.16 12462 37 0 0 0
30.01 6911 37 0 0 0
30.61 7097 37 0 0 0
31.25 6797 37 0 0 0
32.02 6452 37 0 0 0
33.17 6221 37 0 0 0
33.57 6534 37 0 0 0
34.27 6610 37 0 0 0
34.67 6918 37 0 0 0
35.32 12763 37 0 0 0
35.97 7101 37 0 0 0
36.49 6859 37 0 0 0
37.58 6150 37 0 0 0
38.14 7627 37 0 0 0
38.67 6326 37 0 0 0
39.30 6640 37 0 0 0
39.77 6334 37 0 0 0
40.38 6203 37 0 0 0
40.99 6342 37 0 0 0
41.69 18143 37 0 0 0
42.54 11273 37 0 0 0
43.20 6960 37 0 0 0
43.90 7809 37 0 0 0
44.52 6856 37 0 0 0
45.14 6537 37 0 0 0
45.76 7135 37 0 0 0
46.39 6483 37 0 0 0
47.02 9001 37 0 0 0
47.76 14467 37 0 0 0
48.67 6742 37 0 0 0
49.47 6561 37 0 0 0
12.13 178285 39 2401476 1224739 134295
25.94 161777 39 2167135 1100069 121383
6.02 238247 8 5029654 2744925 240370
21.50 17410 8 0 0 0
22.25 5487 8 0 0 0
30.61 5702 8 0 0 0
31.69 5198 8 0 0 0
32.62 5469 8 0 0 0
33.43 5934 8 0 0 0
5.61 340832 62 3731838 1848478 199815
7.14 333178 63 3778130 1836629 212732
8.09 307295 54 4244957 2230220 256870
9.06 305118 51 4276581 2088296 200958
10.07 318841 63 3982397 1891681 209029
10.86 301592 51 4226473 2239561 255948
11.69 291174 48 4277056 2211235 228599
16.81 300243 51 4112311 2047383 233819
21.75 317140 57 4259419 1986523 190727
23.36 320032 60 4188081 2060860 200926
5.42 338799 63 3823509 1783496 222737
6.74 373364 64 3804225 1853182 214834
7.70 335486 60 3913440 1902944 213280
8.77 313275 58 3993194 1930561 221088
10.63 281421 74 2538886 1375464 170469
14.65 274095 77 2322707 1257957 164613
6.92 306300 40 4738519 2250995 245822
8.48 333603 41 4570057 2240698 243612
9.54 314896 39 4847395 2303980 257003
24.05 312823 41 4624072 2098062 242339
25.49 297948 40 4631950 2061512 220689
58.38 348638 31 4955415 2533203 257400
59.54 317945 30 4908282 2361697 232101
60.58 333954 34 4842736 2418350 228152
6.49 281943 36 5340451 2367961 221823
7.54 269247 34 5360618 2429425 231119
8.53 262383 32 5435844 2446606 279778
9.22 270587 27 5466392 2358946 216659
10.30 374439 54 4922588 2270641 209328
11.93 369535 66 3497818 1803906 203614
13.23 372927 67 3365111 1725976 195543
5.29 359840 59 4277325 2270266 237930
8.35 376919 55 4427149 2396095 294173
11.53 370317 58 4277553 2330835 247158
14.45 342434 54 4640735 2422482 297779
34.24 351811 57 4338910 2326310 297779
43.30 348518 56 4397216 2327152 244238
6.17 319436 52 4441811 2295759 268408
8.15 339109 56 4223488 2193747 255359
10.17 363096 55 4209650 2273941 218827
14.57 368493 56 4170982 2227275 253242
16.31 364371 57 4175495 2147146 244356
18.04 333152 52 4230271 2158761 257708
7.88 318272 51 4362391 2288962 268910
4.85 340556 53 4447401 2455025 297779
6.75 346915 54 4371352 2228805 262469
8.31 352490 53 4588556 2516964 297779
9.49 326548 52 4425705 2385987 258653
10.24 329275 51 4534806 2517012 267067
11.41 325024 50 4392933 2448690 248027
12.52 348835 59 4058996 2122148 250295
13.29 347187 57 4314618 2270469 235649
8.98 251212 11 5560746 2381491 285038
10.36 258675 13 5571630 2421244 285749
11.96 256921 14 5615406 2532860 285807
25.75 246226 20 5227864 2320313 281987
27.33 248406 21 5228145 2356340 297779
39.96 249473 13 5473984 2542634 286587
6.51 257727 16 5433616 2582796 297779
7.89 253582 13 5374121 2323116 297779
27.33 269624 15 5408427 2355795 297779
28.37 274627 18 5352539 2438422 297779
55.53 255672 17 5459068 2361724 297779
60.48 252456 16 5405747 2335888 297779
15.30 260344 16 5406632 2346476 297779
16.71 269850 16 5352425 2366665 228422
34.12 251378 16 5445531 2346963 297779
35.43 244256 16 5370901 2351998 297779
55.68 240691 14 5397739 2362351 297779
57.34 251214 17 5422039 2356099 297779
75.64 265406 16 5398436 2509802 297779
6.31 250735 18 5233901 2322295 282086
8.40 256419 18 5414299 2343568 297779
37.01 262594 17 5472342 2379807 297779
38.39 253239 17 5346632 2332354 297779
82.99 250628 18 5330859 2348541 297779
5.25 267564 18 5364020 2410967 297779
6.62 246807 16 5307540 2339130 297779
7.60 253689 17 5304184 2359539 297779
8.23 249372 17 5263913 2333111 297779
21.55 301884 16 5467639 2370549 281763
23.10 288086 15 5505152 2341026 286156
24.63 300069 17 5478284 2344348 297779
26.15 299319 17 5484813 2360230 297779
27.69 309359 17 5526317 2326766 286778
29.23 304325 17 5499316 2562355 297779
30.78 292071 15 5399728 2501695 286181
32.31 299563 17 5421049 2355699 286156
33.83 308794 16 5483620 2336131 286213
35.35 295861 16 5506885 2365409 297779
36.85 298365 16 5421883 2365707 297779
38.36 291873 16 5320883 2515713 286238
39.82 259322 16 5466638 2540022 286853
41.15 258238 16 5406441 2496248 286156
42.49 256057 15 5442814 2527371 297779
43.84 266676 17 5474681 2655731 297779
45.19 260858 16 5441197 2536159 297779
46.52 260441 16 5522183 2354333 297779
47.86 265671 16 5552944 2361598 297779
49.23 263152 17 5561863 2311075 286213
50.61 256199 16 5430159 2365624 297779
51.94 284232 15 5498430 2548983 297779
53.45 289769 14 5471200 2558068 297779
54.97 302062 16 5536165 2520264 286116
56.52 290622 15 5453537 2532338 297779
58.04 285405 16 5599124 2348670 297779
59.49 254629 15 5525877 2344905 286156
60.85 256826 16 5511462 2334405 297779
62.23 256470 15 5474943 2536278 297779
63.58 251931 14 5532355 2528054 297779
64.92 256268 16 5400896 2516995 281126
66.26 340796 16 5552336 2341486 297779
67.89 303417 16 5588423 2528192 297779
69.40 266300 16 5523721 2517239 286213
70.77 259877 15 5473387 2524998 297779
72.12 261005 15 5434563 2517620 297779
73.52 260325 15 5489151 2516099 286727
74.89 265064 16 5571064 2530244 297779
76.26 263753 16 5507948 2539160 286213
77.62 296412 15 5482055 2352256 286213
79.14 297766 14 5611368 2348092 297779
80.68 299094 15 5468547 2535689 286116
82.23 288426 15 5444504 2342905 297779
83.74 296883 15 5496216 2523908 286853
85.27 334539 16 5511025 2562165 297779
86.80 264890 15 5516411 2498537 297779
88.18 258966 13 5556104 2529988 264028
89.57 263571 17 5430294 2537716 297779
91.13 326687 15 5399538 2548796 297779
92.86 325572 15 5457130 2329584 286213
94.60 257495 16 5503617 2370708 286213
95.97 268594 15 5473460 2529843 286213
97.36 256400 17 5394793 2352547 286116
98.72 252908 16 5396386 2328257 297779
100.08 258755 15 5500778 2366501 286156
101.44 254791 15 5471853 2346768 297779
102.79 251510 14 5499744 2345218 286116
104.15 259604 16 5383069 2336117 297779
105.66 303757 16 5467962 2326062 286786
107.15 261566 16 5478477 2338570 297779
108.51 255708 16 5457372 2340154 285600
109.84 269011 15 5660908 2539747 297779
111.21 250026 13 5530491 2359161 286238
112.59 282300 16 5560631 2513855 297779
113.97 250788 14 5471482 2352657 285517
115.33 262283 16 5629613 2356259 297779
116.71 261389 16 5436654 2356434 297779
118.19 318213 15 5392599 2353785 286156
119.81 269468 16 5713319 2525543 297779
121.26 319581 14 5508007 2342197 286156
122.77 265191 16 5499297 2539609 286181
124.16 261480 16 5433823 2365929 297779
125.67 279756 12 5497414 2344252 286099
127.17 303855 16 5515037 2509869 297779
128.72 291595 14 5558158 2526396 286099
130.24 302649 14 5477058 2534643 297779
131.78 300657 16 5426586 2345152 297779
133.32 295137 15 5450029 2516857 297779
134.87 300292 15 5488431 2579933 297779
136.40 304507 15 5460213 2508974 297779
137.94 293379 14 5466773 2540507 297779
139.47 299764 16 5442405 2528942 297779
141.02 292663 13 5507994 2543262 297779
142.57 302393 15 5519298 2377501 297779
144.10 300697 14 5525274 2566499 297779
145.66 292108 15 5420450 2359948 297779
147.16 293568 16 5475423 2355734 286059
148.68 303587 15 5542333 2359489 297779
150.23 329176 14 5379710 2524098 297779
151.80 256544 15 5520253 2388271 281109
153.15 254972 14 5441234 2542764 297779
154.49 258267 16 5374889 2357127 286156
155.82 255254 14 5487706 2525416 286181
157.16 265803 17 5507649 2393837 297779
158.52 256746 16 5497499 2341299 286166
159.84 261585 15 5448899 2492328 286213
161.25 333664 16 5551038 2339375 297779
162.80 257782 15 5484365 2370573 297779
164.14 251602 14 5408600 2531731 297779
165.48 260940 16 5445440 2363895 286163
166.87 257482 14 5478332 2351675 286238
168.22 264137 16 5453957 2525125 297779
169.60 251800 12 5475074 2551710 285484
170.96 258444 16 5364182 2354500 297779
172.31 254208 16 5414641 2354552 286181
173.66 294227 16 5367441 2347395 297779
175.13 296101 15 5483232 2355825 286173
176.66 291003 16 5424181 2334631 297779
178.19 299167 15 5571195 2341044 297779
179.67 260445 15 5425442 2534797 285676
1.39 255760 16 5432747 2348310 297779
2.65 255252 16 5428792 2339567 221476
3.91 256381 15 5399139 2443504 297779
5.16 253841 17 5352913 2358298 221458
6.41 255962 17 5414895 2337508 221458
7.66 251728 16 5401568 2377976 297779
8.91 257596 17 5444420 2340212 220892
10.17 257981 17 5399164 2315964 297779
11.42 379092 16 5386280 2346953 297779
12.85 257937 17 5327407 2346235 297779
14.11 258339 16 5399537 2356908 297779
15.37 257912 16 5356253 2449982 297779
16.77 260801 18 5446374 2401136 297779
18.25 341296 18 5324291 2378523 297779
19.90 335654 17 5308251 2478877 297779
21.51 276890 15 5338362 2320165 297779
22.89 256551 17 5414558 2324360 297779
24.15 261488 16 5488870 2349501 297779
25.42 259065 17 5392889 2376590 297779
26.70 266655 17 5515314 2350798 297779
27.96 257187 17 5351028 2345512 297779
29.21 258694 17 5463798 2342816 221458
30.48 256317 17 5352395 2440764 282811
31.77 352813 16 5506599 2479674 297779
33.26 259286 17 5388861 2351290 297779
34.53 256034 15 5402090 2373828 297779
35.80 253499 16 5391195 2346131 297779
37.06 253741 16 5375910 2400402 297779
38.32 262313 17 5464292 2359152 297779
39.59 399882 17 5613051 2388363 297779
41.07 262970 17 5514805 2352928 297779
42.36 253749 17 5353583 2334950 221458
43.61 266349 17 5486887 2462525 297779
44.89 302749 17 5349658 2351881 297779
46.36 257204 16 5411139 2373253 297779
47.62 262949 18 5435849 2365006 216986
48.89 335347 17 5494934 2343516 297779
50.44 336746 17 5411272 2353355 297779
52.09 342156 17 5505820 2390176 297779
53.79 345917 17 5394161 2467376 297779
55.51 252121 16 5277699 2344376 221458
56.78 261148 17 5331052 2340143 281851
58.25 340369 16 5393125 2351864 297779
59.92 353245 16 5529943 2456961 297779
61.55 256136 17 5392853 2336742 297779
62.83 262078 18 5550471 2438298 220864
64.15 287250 17 5461656 2374411 297779
8.36 277670 15 5605463 2513480 297779
9.66 269310 15 5562131 2560429 264446
10.95 261234 11 5528604 2519087 297779
12.23 264681 14 5493219 2521516 297779
13.50 270998 14 5510566 2537496 297779
14.78 271312 14 5516163 2534592 285683
16.06 263654 13 5547154 2507224 285593
17.35 263213 13 5546369 2500586 285768
18.62 266984 14 5518430 2549598 266286
19.90 270663 15 5513705 2546709 297779
21.18 272592 14 5596901 2539810 285833
22.46 273127 14 5612366 2555395 285658
23.76 259458 12 5584592 2545139 285178
25.02 280968 14 5514417 2527234 285593
26.31 272776 14 5577291 2650052 297779
27.60 267036 14 5575792 2504293 263621
28.87 273900 16 5578259 2528129 285633
30.14 276464 15 5729128 2543527 286354
31.41 272082 15 5517052 2523644 297779
32.67 269779 15 5540787 2515559 297779
33.95 255411 12 5560410 2544746 297779
35.22 270232 15 5551299 2540257 285658
36.49 269758 15 5507923 2521770 297779
37.75 265242 13 5581586 2505513 297779
39.02 261661 12 5572206 2543460 285593
40.30 267751 15 5569766 2521764 285633
41.58 333111 14 5586567 2536740 285593
42.93 270011 14 5628502 2521032 285808
44.21 265162 13 5658550 2538461 286270
