
1295.65 88627 11.36
1296.60 116195 8.62
1298.05 120313 8.33
1298.49 75476 13.33
1299.12 118326 8.47
1299.91 152183 6.58
1300.12 50802 20.00
1302.34 195559 5.13
1303.79 165713 6.06
1304.98 97217 10.31
1305.51 126245 7.94
1306.05 143896 6.99
1306.59 108027 9.26
1307.15 106109 9.43
1307.64 135699 7.41
1308.88 114937 8.77
1309.30 125309 8.00
1309.99 92319 10.87
1310.19 127847 7.87
1311.03 181085 5.52
1313.35 71092 14.08
1313.52 146536 6.85
1313.94 100450 10.00
1314.47 61513 16.39
1316.17 104968 9.62
1318.17 86797 11.63
1318.31 74695 13.51
1319.66 142335 7.04
1321.31 79969 12.66
1324.15 119896 8.40
1324.30 90922 11.11
1325.89 123366 8.13
1326.91 86199 11.63
1332.21 166430 6.02
1335.88 132674 7.58
1340.66 138581 7.25
1341.18 104518 9.62
1341.42 172649 5.81
1341.93 141639 7.09
1342.58 42009 23.81
1344.99 108741 9.26
1349.94 78703 12.82
1350.60 126554 7.94
1352.58 88919 11.36
1353.70 149256 6.71
1354.08 123830 8.13
1355.11 94395 10.64
1355.67 85194 11.76
1356.10 113424 8.85
1356.57 132289 7.58
1357.80 155523 6.45
1358.30 120881 8.33
1360.15 90305 11.11
1360.90 29947 34.48
1361.02 134744 7.46
1362.18 57679 17.54
1363.24 108511 9.26
1363.75 59486 16.95
1364.26 105061 9.52
1365.09 58841 17.24
1366.41 94551 10.64
1366.54 41305 24.39
1366.99 110234 9.09
1367.16 99266 10.10
1367.53 52698 19.23
1368.54 64065 15.62
1369.22 79724 12.66
1371.95 114403 8.77
1372.15 94695 10.64
1373.89 129377 7.75
1375.07 153433 6.54
1377.01 118802 8.47
1377.65 159851 6.29
1377.90 87615 11.49
1378.12 123107 8.13
1379.15 97586 10.31
1384.53 26678 38.46
1384.53 26678 38.46
1385.18 46870 21.74
1385.48 80912 12.50
1386.07 60338 16.67
1386.75 123999 8.13
1387.12 86263 11.63
1388.66 61388 16.39
1388.97 62126 16.13
1389.32 106141 9.43
1392.76 33533 30.30
1392.88 33533 30.30
1393.39 113955 8.85
1393.95 76120 13.16
1394.17 111384 9.01
1394.32 44858 22.73
1394.83 34313 29.41
1394.95 117910 8.55
1396.48 76693 13.16
1397.38 103947 9.71
1397.53 69548 14.49
1398.29 103010 9.71
1398.43 42702 23.81
1399.04 86336 11.63
1400.21 101118 9.90
1400.39 55692 18.18
1400.74 76859 13.16
1401.07 82582 12.20
1402.55 139345 7.19
1402.92 111446 9.01
1403.34 113041 8.85
1404.96 63647 15.87
1405.25 31151 32.26
1405.35 31151 32.26
1405.35 31151 32.26
1405.51 48767 20.83
1405.97 84533 11.90
1406.21 128367 7.81
1406.39 40669 25.00
1410.04 173424 5.78
1410.97 152049 6.58
1411.77 132253 7.58
1413.78 164843 6.10
1414.05 146069 6.85
1418.75 107779 9.35
1419.45 100009 10.00
1421.08 62892 16.13
1421.27 145154 6.90
1424.20 74783 13.51
1424.87 119907 8.40
1425.53 93835 10.75
1426.48 85819 11.76
1427.38 134643 7.46
1427.89 87040 11.49
1428.38 90091 11.11
1430.35 162359 6.17
1432.08 144090 6.94
1432.64 107583 9.35
1433.65 86368 11.63
1434.64 96147 10.42
1435.50 30445 33.33
1435.63 96072 10.42
1436.31 170675 5.88
1447.67 179377 5.59
1448.17 131350 7.63
1448.40 122040 8.20
1448.66 143975 6.99
1450.41 160727 6.25
1451.01 134974 7.46
1452.00 112048 8.93
1453.82 150185 6.67
1454.98 128658 7.81
1455.49 89545 11.24
1455.97 76961 13.16
1456.17 126901 7.94
1456.38 127535 7.87
1458.89 78362 12.82
1460.20 107612 9.35
1461.49 63290 15.87
1462.60 73181 13.70
1462.78 151232 6.62
1463.68 139232 7.19
1464.37 88302 11.36
1465.04 118659 8.47
1465.23 80563 12.50
1467.55 107537 9.35
1469.58 104584 9.62
1469.96 64653 15.62
1470.14 133571 7.52
1471.10 70530 14.29
1473.10 111249 9.01
1473.75 151678 6.62
1474.22 119004 8.40
1474.42 123130 8.13
1477.12 123254 8.13
1478.47 120686 8.33
1479.31 207883 4.83
1481.94 162228 6.17
1483.58 145741 6.90
1484.27 150248 6.67
1486.00 67049 14.93
1486.40 32660 31.25
1486.91 41045 24.39
1487.01 89145 11.24
1487.41 92804 10.87
1488.46 72598 13.89
1489.11 19407 52.63
1489.27 25695 40.00
1489.58 30168 33.33
1489.66 73160 13.70
1489.75 18623 55.56
1489.80 18623 55.56
1489.81 18623 55.56
1489.82 18623 55.56
1491.00 87597 11.49
1491.13 51492 19.61
1491.31 99794 10.10
1491.52 12824 83.33
1491.52 12824 83.33
1491.53 12824 83.33
1492.59 39649 25.64
1493.00 79139 12.66
1494.70 153727 6.54
1496.63 111347 9.01
1497.01 23646 43.48
1497.10 23646 43.48
1497.32 15215 66.67
1497.33 15215 66.67
1497.33 15215 66.67
1497.34 15215 66.67
1497.34 15215 66.67
1498.52 21529 47.62
1498.52 21529 47.62
1498.53 21529 47.62
1498.78 84722 11.90
1499.06 91434 10.99
1499.21 54356 18.52
1500.08 42684 23.81
1501.91 61934 16.39
1502.31 25209 40.00
1502.55 26679 38.46
1502.55 26679 38.46
1502.89 32352 31.25
1503.68 98086 10.20
1505.35 36454 27.78
1506.26 93960 10.75
18.12 5910 200.00
19.09 55810 18.18
19.34 4616 250.00
19.35 4616 250.00
19.35 4616 250.00
19.36 4616 250.00
19.36 4616 250.00
19.37 4616 250.00
20.44 49871 20.41
20.61 614209 1.63
21.45 88930 11.36
21.61 600287 1.67
23.34 44681 22.73
34.51 46583 21.74
34.80 646535 1.55
102.44 649552 1.54
104.64 691317 1.45
105.42 45320 22.22
107.44 45725 22.22
109.74 88040 11.36
109.91 585612 1.71
110.99 668322 1.50
111.74 52020 19.23
113.24 679844 1.47
117.48 46169 21.74
119.70 43853 23.26
121.92 640914 1.56
122.64 44078 22.73
125.77 42354 23.81
129.08 642170 1.56
132.16 88414 11.36
132.33 42677 23.81
134.22 84040 11.90
135.45 85521 11.76
144.07 82527 12.20
148.75 59783 16.95
148.96 96378 10.42
151.11 53544 18.87
33.29 3694 333.33
33.30 3694 333.33
34.00 4055 250.00
34.05 4055 250.00
34.06 4055 250.00
34.06 4055 250.00
34.07 4055 250.00
34.07 4055 250.00
35.07 26879 38.46
35.07 63599 15.87
35.18 545534 1.83
36.02 25352 40.00
36.03 25352 40.00
36.77 25580 40.00
36.78 25580 40.00
36.78 25580 40.00
36.84 3629 333.33
36.85 3629 333.33
36.85 3629 333.33
36.86 3629 333.33
36.86 3629 333.33
38.29 26228 38.46
39.37 24404 41.67
39.43 3704 333.33
39.44 3704 333.33
39.44 3704 333.33
39.45 3704 333.33
39.46 5580 200.00
39.46 5580 200.00
39.47 5580 200.00
39.47 5580 200.00
39.48 5580 200.00
39.48 5580 200.00
39.49 5580 200.00
52.80 3842 333.33
52.89 3842 333.33
52.89 3842 333.33
52.90 3842 333.33
52.90 3842 333.33
52.91 3842 333.33
52.91 3842 333.33
52.92 3842 333.33
52.94 4691 250.00
52.94 4691 250.00
52.95 4691 250.00
52.96 4691 250.00
52.96 4691 250.00
52.97 5679 200.00
52.98 5679 200.00
52.98 5679 200.00
52.99 5679 200.00
52.99 5679 200.00
53.00 5679 200.00
53.00 5679 200.00
53.19 21054 47.62
53.30 22040 45.45
53.41 3744 333.33
53.48 3744 333.33
53.48 3744 333.33
53.49 3744 333.33
53.49 3744 333.33
54.03 21396 47.62
54.04 21396 47.62
54.04 21396 47.62
54.05 21396 47.62
54.55 22229 45.45
54.67 291839 3.44
55.04 61467 16.39
55.25 3618 333.33
55.25 3618 333.33
55.26 3618 333.33
55.26 3618 333.33
55.27 3618 333.33
55.27 3618 333.33
55.28 338341 2.96
55.62 23790 43.48
55.74 23790 43.48
55.85 295171 3.39
71.74 3703 333.33
71.84 3703 333.33
71.84 3703 333.33
71.85 3703 333.33
71.85 3703 333.33
71.86 3703 333.33
71.87 3703 333.33
71.89 6345 166.67
71.89 6345 166.67
71.90 6345 166.67
71.90 6345 166.67
71.91 6345 166.67
71.92 5882 200.00
71.93 5882 200.00
71.94 5882 200.00
71.94 5882 200.00
71.95 5882 200.00
71.95 70444 14.29
72.77 22229 45.45
72.88 22229 45.45
72.89 22229 45.45
73.62 56116 17.86
74.78 22896 45.45
74.78 22896 45.45
74.79 22896 45.45
75.74 613265 1.63
76.40 23461 43.48
78.25 22546 45.45
78.26 22546 45.45
78.27 62271 16.13
78.39 565448 1.77
79.04 66576 15.15
79.16 21840 47.62
79.29 21840 47.62
79.29 21840 47.62
80.10 28479 35.71
80.11 28479 35.71
82.01 21642 47.62
82.02 21642 47.62
82.02 21642 47.62
82.14 540654 1.85
84.67 22669 45.45
85.44 22967 45.45
85.50 3493 333.33
85.51 3493 333.33
85.51 3493 333.33
85.52 3493 333.33
85.52 3493 333.33
85.54 6925 166.67
85.54 6925 166.67
85.55 6925 166.67
85.56 6925 166.67
85.56 6925 166.67
85.57 6106 166.67
85.58 6106 166.67
85.59 6106 166.67
85.59 6106 166.67
85.60 6106 166.67
85.61 6106 166.67
85.64 29413 34.48
85.65 29413 34.48
86.46 3799 333.33
86.46 3799 333.33
86.47 3799 333.33
86.48 3799 333.33
86.49 5659 200.00
86.50 5659 200.00
86.50 5659 200.00
86.51 5659 200.00
86.51 5659 200.00
86.52 5659 200.00
86.59 24388 41.67
86.70 24388 41.67
86.71 24388 41.67
87.46 62328 16.13
87.57 552926 1.81
88.40 3587 333.33
88.41 3587 333.33
88.42 3587 333.33
88.42 3587 333.33
88.43 3587 333.33
88.43 3587 333.33
89.04 26929 38.46
89.15 26929 38.46
90.72 23543 43.48
91.78 3701 333.33
91.79 3701 333.33
91.79 3701 333.33
91.80 3701 333.33
91.80 3701 333.33
91.81 3701 333.33
91.81 625577 1.60
92.57 28574 35.71
92.70 3799 333.33
92.81 3799 333.33
92.81 3799 333.33
92.82 3799 333.33
92.82 3799 333.33
92.83 3799 333.33
92.84 8980 125.00
92.85 8980 125.00
92.85 8980 125.00
92.86 8980 125.00
92.87 8980 125.00
92.88 6810 166.67
92.89 6810 166.67
92.90 6810 166.67
92.90 6810 166.67
92.91 6810 166.67
92.91 614078 1.63
93.53 26771 38.46
93.65 26771 38.46
93.65 26771 38.46
94.64 25902 40.00
95.30 36061 27.78
95.55 341904 2.93
96.21 22521 45.45
96.21 22521 45.45
98.11 22519 45.45
98.11 22519 45.45
98.77 6365 166.67
98.87 6365 166.67
98.87 6365 166.67
98.88 6365 166.67
98.88 6365 166.67
98.89 6365 166.67
98.89 4586 250.00
98.91 4586 250.00
98.91 4586 250.00
98.92 4586 250.00
98.92 4586 250.00
98.93 4586 250.00
98.93 4586 250.00
98.94 5786 200.00
98.95 5786 200.00
98.95 5786 200.00
98.96 5786 200.00
98.96 5786 200.00
98.97 5786 200.00
98.97 5786 200.00
99.52 4193 250.00
99.53 4193 250.00
99.53 4193 250.00
99.54 4193 250.00
99.54 4193 250.00
99.55 4193 250.00
99.56 5605 200.00
99.56 5605 200.00
99.57 5605 200.00
99.58 5605 200.00
99.58 5605 200.00
99.59 5605 200.00
100.09 21955 47.62
100.14 4322 250.00
100.15 4322 250.00
100.15 4322 250.00
100.16 4322 250.00
100.16 4322 250.00
100.17 4322 250.00
100.18 7095 142.86
100.18 7095 142.86
100.19 7095 142.86
100.20 7095 142.86
100.20 7095 142.86
100.21 7095 142.86
100.22 6466 166.67
100.23 6466 166.67
100.23 6466 166.67
100.24 6466 166.67
100.25 6466 166.67
100.25 27018 37.04
100.28 27018 37.04
100.29 27018 37.04
100.29 27018 37.04
114.02 21597 47.62
114.03 21597 47.62
114.03 21597 47.62
114.42 21836 47.62
114.52 21836 47.62
114.53 21836 47.62
114.53 21836 47.62
114.73 4093 250.00
114.74 4093 250.00
114.92 21118 47.62
114.93 21118 47.62
114.93 21118 47.62
114.94 338403 2.96
115.55 289648 3.46
115.92 63093 15.87
116.03 26853 38.46
116.15 26853 38.46
116.15 26853 38.46
116.16 26853 38.46
117.23 27305 37.04
117.74 112930 8.93
118.66 303941 3.30
118.99 57953 17.54
121.94 308305 3.25
122.64 342594 2.92
123.02 51710 19.61
123.70 74378 13.51
123.83 42292 23.81
7.95 103329 9.71
8.12 56006 17.86
8.49 59905 16.95
10.38 56140 17.86
10.75 56602 17.86
12.02 95042 10.53
12.20 74638 13.51
13.14 94823 10.64
13.52 99340 10.10
14.30 96643 10.42
14.68 103275 9.71
14.88 61494 16.39
15.27 65854 15.38
16.23 113264 8.85
16.82 74251 13.51
17.20 60642 16.67
19.48 50886 20.00
20.50 87832 11.49
23.26 30332 33.33
24.08 77633 12.99
24.35 78873 12.82
24.93 87161 11.49
25.18 3842 333.33
25.19 3842 333.33
25.20 3842 333.33
25.20 3842 333.33
25.21 3842 333.33
25.22 95014 10.53
26.74 42898 23.81
27.20 4097 250.00
27.20 4097 250.00
27.21 4097 250.00
27.22 4097 250.00
27.22 4097 250.00
27.23 4097 250.00
27.23 4097 250.00
27.33 3701 333.33
27.34 3701 333.33
27.35 3701 333.33
27.35 60214 16.67
5.13 3840 333.33
5.13 3840 333.33
5.14 3840 333.33
5.14 3840 333.33
5.15 3840 333.33
5.16 6457 166.67
5.17 6457 166.67
5.17 6457 166.67
5.18 6457 166.67
5.18 6457 166.67
5.19 6457 166.67
5.19 5762 200.00
5.20 5762 200.00
5.21 5762 200.00
5.21 5762 200.00
5.22 5762 200.00
5.22 5762 200.00
5.23 5762 200.00
5.23 5762 200.00
6.11 3684 333.33
6.11 3684 333.33
6.12 3684 333.33
6.12 3684 333.33
6.13 3684 333.33
6.43 4025 250.00
6.44 4025 250.00
6.44 4025 250.00
6.45 4025 250.00
6.45 4025 250.00
6.50 75134 13.33
6.77 3705 333.33
6.83 3705 333.33
6.83 3705 333.33
6.84 3705 333.33
6.85 3705 333.33
6.85 3705 333.33
6.86 3705 333.33
6.86 40512 25.00
7.14 3702 333.33
7.14 3702 333.33
7.24 33967 30.30
7.64 77342 12.99
8.35 4102 250.00
8.35 4102 250.00
8.36 4102 250.00
8.36 4102 250.00
8.37 4102 250.00
8.38 5670 200.00
8.38 5670 200.00
8.39 5670 200.00
8.40 5670 200.00
8.40 5670 200.00
8.41 5670 200.00
8.42 3415 333.33
8.42 3415 333.33
8.43 3415 333.33
8.43 3415 333.33
8.44 3415 333.33
8.45 3415 333.33
8.46 6343 166.67
8.47 6343 166.67
8.47 6343 166.67
8.48 6343 166.67
8.48 6343 166.67
8.49 6343 166.67
8.49 6343 166.67
8.50 5654 200.00
8.51 5654 200.00
8.51 5654 200.00
8.52 5654 200.00
8.52 5654 200.00
8.53 5654 200.00
8.53 5654 200.00
8.54 5784 200.00
8.55 5784 200.00
8.55 5784 200.00
8.56 5784 200.00
8.56 5784 200.00
8.57 5784 200.00
8.57 5784 200.00
8.62 74514 13.51
8.85 4103 250.00
8.86 4103 250.00
8.87 6520 166.67
8.88 6520 166.67
8.88 6520 166.67
8.89 6520 166.67
8.89 6520 166.67
8.90 6520 166.67
8.91 5926 200.00
8.92 5926 200.00
8.92 5926 200.00
8.93 5926 200.00
8.93 5926 200.00
8.94 5987 200.00
8.95 5987 200.00
8.96 5987 200.00
8.96 5987 200.00
8.97 5987 200.00
8.97 5987 200.00
8.98 5987 200.00
8.98 49312 20.41
9.29 4115 250.00
9.30 4115 250.00
9.30 4115 250.00
9.31 4115 250.00
9.32 5645 200.00
9.32 5645 200.00
9.33 5645 200.00
9.34 5645 200.00
9.35 5645 200.00
9.36 5605 200.00
9.37 5605 200.00
9.37 5605 200.00
9.38 5605 200.00
9.38 5605 200.00
9.39 5605 200.00
9.39 6489 166.67
9.40 6489 166.67
9.41 6489 166.67
9.41 6489 166.67
9.42 6489 166.67
9.42 6489 166.67
9.43 6489 166.67
9.43 5665 200.00
9.44 5665 200.00
9.45 5665 200.00
9.45 5665 200.00
9.46 5665 200.00
9.46 5665 200.00
9.47 5665 200.00
9.47 5665 200.00
9.75 3572 333.33
9.76 3572 333.33
9.77 5122 200.00
9.77 5122 200.00
9.78 5122 200.00
9.78 5122 200.00
9.79 5122 200.00
9.79 5122 200.00
9.80 5122 200.00
9.81 5646 200.00
9.81 5646 200.00
9.82 5646 200.00
9.82 5646 200.00
9.83 5646 200.00
9.84 5646 200.00
9.85 5689 200.00
9.86 5689 200.00
9.87 5689 200.00
9.87 5689 200.00
9.88 5689 200.00
9.88 5730 200.00
9.89 5730 200.00
9.90 5730 200.00
9.90 5730 200.00
9.91 5730 200.00
9.91 5730 200.00
9.92 6468 166.67
9.93 6468 166.67
9.94 6468 166.67
9.94 6468 166.67
9.95 6468 166.67
9.95 6468 166.67
9.96 6468 166.67
9.96 6468 166.67
9.97 5653 200.00
9.98 5653 200.00
9.98 5653 200.00
9.99 5653 200.00
9.99 5653 200.00
10.00 5653 200.00
10.00 5653 200.00
10.01 6346 166.67
10.02 6346 166.67
10.02 6346 166.67
10.03 6346 166.67
10.03 6346 166.67
10.04 6346 166.67
10.04 6346 166.67
10.37 3849 333.33
10.39 7280 142.86
10.39 7280 142.86
10.40 7280 142.86
10.40 7280 142.86
10.41 7280 142.86
10.41 8442 125.00
10.42 8442 125.00
10.43 8442 125.00
10.44 8442 125.00
10.44 8442 125.00
10.45 8442 125.00
10.45 5689 200.00
10.46 5689 200.00
10.47 5689 200.00
10.47 5689 200.00
10.48 5689 200.00
10.48 5689 200.00
10.49 5689 200.00
10.49 5689 200.00
10.51 5581 200.00
10.52 5581 200.00
10.52 5581 200.00
10.53 5581 200.00
10.53 5581 200.00
10.55 6538 166.67
10.55 6538 166.67
10.56 6538 166.67
10.56 6538 166.67
10.57 6538 166.67
10.57 6538 166.67
10.58 5897 200.00
10.59 5897 200.00
10.59 5897 200.00
10.60 5897 200.00
10.60 5897 200.00
10.61 5897 200.00
10.61 5897 200.00
10.62 6290 166.67
10.63 6290 166.67
10.63 6290 166.67
10.64 6290 166.67
10.64 6290 166.67
10.65 6290 166.67
10.66 6290 166.67
10.67 5581 200.00
10.67 5581 200.00
10.68 5581 200.00
10.68 5581 200.00
10.69 5581 200.00
10.69 5581 200.00
10.70 5581 200.00
10.71 5579 200.00
10.71 5579 200.00
10.72 5579 200.00
10.72 5579 200.00
10.73 5579 200.00
10.73 5579 200.00
10.74 5579 200.00
10.75 6311 166.67
10.76 6311 166.67
10.77 6311 166.67
10.78 6311 166.67
10.78 6311 166.67
10.79 5642 200.00
10.80 5642 200.00
10.80 5642 200.00
10.81 5642 200.00
10.81 5642 200.00
10.82 5642 200.00
11.39 3594 333.33
11.40 3594 333.33
11.41 5561 200.00
11.41 5561 200.00
11.42 5561 200.00
11.42 5561 200.00
11.43 5561 200.00
11.44 5561 200.00
11.44 5561 200.00
11.45 6245 166.67
11.46 6245 166.67
11.46 6245 166.67
11.47 6245 166.67
11.48 6245 166.67
11.48 6245 166.67
12.05 3778 333.33
12.33 3830 333.33
12.34 3830 333.33
13.02 34122 29.41
13.99 3635 333.33
14.00 3635 333.33
14.00 3635 333.33
14.01 3635 333.33
14.01 3635 333.33
14.02 3635 333.33
14.52 3731 333.33
14.53 4069 250.00
14.53 4069 250.00
14.54 4069 250.00
14.54 4069 250.00
14.55 4069 250.00
14.94 3588 333.33
15.04 3588 333.33
15.05 78480 12.82
15.13 3745 333.33
15.23 3745 333.33
15.23 3745 333.33
15.24 3745 333.33
15.24 3745 333.33
15.25 3745 333.33
15.26 5884 200.00
15.27 5884 200.00
15.28 5884 200.00
15.29 5884 200.00
15.29 6343 166.67
15.30 6343 166.67
15.31 6343 166.67
15.31 6343 166.67
15.32 6343 166.67
15.32 6343 166.67
15.33 6343 166.67
15.33 89368 11.24
15.57 292304 3.42
16.07 80531 12.50
17.20 36799 27.78
17.99 33948 30.30
19.57 3841 333.33
19.58 4407 250.00
19.59 4407 250.00
19.59 4407 250.00
19.60 4407 250.00
19.60 4407 250.00
19.61 4407 250.00
19.62 6689 166.67
19.63 6689 166.67
19.64 6689 166.67
19.65 6689 166.67
20.16 4264 250.00
20.17 4264 250.00
20.17 4264 250.00
20.18 4264 250.00
20.18 4264 250.00
20.20 5715 200.00
20.20 5715 200.00
20.21 5715 200.00
20.21 5715 200.00
20.22 5715 200.00
20.22 5715 200.00
20.23 5715 200.00
20.24 7015 142.86
20.25 7015 142.86
20.25 7015 142.86
20.26 7015 142.86
20.26 7015 142.86
20.27 7015 142.86
20.28 5773 200.00
20.29 5773 200.00
20.29 5773 200.00
20.30 5773 200.00
20.30 5773 200.00
20.32 6058 166.67
20.32 6058 166.67
20.33 6058 166.67
20.33 6058 166.67
20.34 6058 166.67
20.34 6058 166.67
20.35 6058 166.67
20.36 6258 166.67
20.37 6258 166.67
20.37 6258 166.67
20.38 6258 166.67
20.38 6258 166.67
20.39 5581 200.00
20.40 5581 200.00
20.41 5581 200.00
20.41 5581 200.00
20.42 5581 200.00
20.43 5581 200.00
20.43 5581 200.00
20.45 7446 142.86
20.45 7446 142.86
20.46 7446 142.86
20.47 7446 142.86
20.47 7446 142.86
20.48 6106 166.67
20.49 6106 166.67
20.49 6106 166.67
20.50 6106 166.67
20.50 6106 166.67
20.51 6106 166.67
20.51 6106 166.67
20.72 4138 250.00
20.73 4138 250.00
20.73 4138 250.00
20.74 4138 250.00
20.75 4138 250.00
20.75 4138 250.00
20.77 7556 142.86
20.77 7556 142.86
20.78 7556 142.86
20.78 7556 142.86
20.79 7556 142.86
20.79 7556 142.86
20.80 5709 200.00
20.81 5709 200.00
20.81 5709 200.00
20.82 5709 200.00
20.82 5709 200.00
20.83 5709 200.00
20.83 5709 200.00
20.85 5623 200.00
20.85 5623 200.00
20.86 5623 200.00
20.87 5623 200.00
20.87 5623 200.00
20.88 6580 166.67
20.89 6580 166.67
20.90 6580 166.67
20.90 6580 166.67
20.91 6580 166.67
20.91 6580 166.67
20.92 6580 166.67
20.93 5723 200.00
20.93 5723 200.00
20.94 5723 200.00
20.94 5723 200.00
20.95 5723 200.00
20.95 5723 200.00
20.96 5723 200.00
20.97 8857 125.00
20.98 8857 125.00
20.98 8857 125.00
20.99 8857 125.00
20.99 8857 125.00
21.00 8857 125.00
21.01 6258 166.67
21.02 6258 166.67
21.02 6258 166.67
21.03 6258 166.67
21.03 6258 166.67
21.04 6258 166.67
21.04 52127 19.23
21.35 3898 333.33
21.35 3898 333.33
21.36 3898 333.33
21.36 3898 333.33
21.37 3898 333.33
21.37 3898 333.33
21.60 4320 250.00
21.67 5742 200.00
21.67 5742 200.00
21.68 5742 200.00
21.68 5742 200.00
21.69 5742 200.00
21.69 5742 200.00
21.70 5742 200.00
21.72 6282 166.67
21.72 6282 166.67
21.73 6282 166.67
21.73 6282 166.67
21.74 5598 200.00
21.75 5598 200.00
21.76 5598 200.00
21.76 5598 200.00
21.77 5598 200.00
21.78 5598 200.00
21.78 5598 200.00
21.79 5856 200.00
21.80 5856 200.00
21.80 5856 200.00
21.81 5856 200.00
21.81 5856 200.00
21.82 5856 200.00
22.02 32839 31.25
22.15 85130 11.76
22.58 45645 22.22
22.79 3613 333.33
22.80 5523 200.00
22.82 5523 200.00
22.82 5523 200.00
22.83 5523 200.00
22.84 5523 200.00
22.85 6251 166.67
22.86 6251 166.67
22.87 6251 166.67
22.87 6251 166.67
22.88 6251 166.67
22.88 6251 166.67
22.89 5931 200.00
22.90 5931 200.00
22.90 5931 200.00
22.91 5931 200.00
22.91 5931 200.00
22.92 5931 200.00
22.92 5931 200.00
22.93 6343 166.67
22.94 6343 166.67
22.95 6343 166.67
22.95 6343 166.67
22.96 6343 166.67
22.96 6343 166.67
22.97 6343 166.67
23.08 4221 250.00
23.10 5341 200.00
23.11 5341 200.00
23.11 5341 200.00
23.12 5341 200.00
23.12 5341 200.00
23.13 5341 200.00
23.42 3624 333.33
23.43 3624 333.33
23.43 3624 333.33
23.44 3624 333.33
23.44 3624 333.33
23.45 3624 333.33
23.45 3624 333.33
23.46 3624 333.33
23.64 35058 28.57
23.78 35058 28.57
23.93 37111 27.03
24.88 52253 19.23
26.48 74232 13.51
30.35 55282 18.18
30.78 94226 10.64
30.97 85424 11.76
31.19 105622 9.52
31.96 122297 8.20
39.15 102631 9.80
41.49 101369 9.90
41.71 118815 8.47
41.91 88950 11.36
42.55 135927 7.41
43.00 133088 7.52
47.62 173369 5.78
47.90 122786 8.20
49.23 151184 6.62
50.30 147415 6.80
50.81 134000 7.46
53.54 81893 12.35
54.14 114100 8.77
54.33 78591 12.82
54.54 122095 8.20
59.18 94795 10.64
59.65 102728 9.80
64.62 144480 6.94
66.51 134549 7.46
66.73 87203 11.49
67.38 119231 8.40
67.79 121203 8.26
68.75 76690 13.16
70.26 78457 12.82
70.65 79097 12.66
70.85 129435 7.75
72.16 136126 7.35
72.40 104433 9.62
72.65 145606 6.90
74.19 141892 7.09
75.09 113203 8.85
75.29 92074 10.87
75.82 103656 9.71
76.34 77498 12.99
76.51 101552 9.90
77.11 94507 10.64
77.92 73155 13.70
81.30 77310 12.99
81.40 12464 83.33
81.48 12464 83.33
81.49 12464 83.33
81.49 12464 83.33
81.50 12464 83.33
81.50 12464 83.33
83.82 324068 3.09
84.61 22085 45.45
85.00 56898 17.86
85.16 14066 71.43
85.16 14066 71.43
85.33 16321 62.50
85.83 16074 62.50
85.84 16074 62.50
85.84 16074 62.50
85.85 16074 62.50
85.85 16074 62.50
86.04 52828 19.23
86.37 15835 66.67
86.38 15835 66.67
86.38 15835 66.67
86.39 15835 66.67
86.47 19471 52.63
86.54 19471 52.63
86.55 19471 52.63
86.55 19471 52.63
86.56 56743 17.86
86.71 12498 83.33
86.71 12498 83.33
86.72 12498 83.33
87.04 19617 52.63
87.05 3421 333.33
87.08 3421 333.33
87.09 20468 50.00
87.11 20468 50.00
87.12 20468 50.00
87.12 20468 50.00
87.13 20468 50.00
87.17 3656 333.33
87.18 3656 333.33
87.18 3656 333.33
87.19 3656 333.33
87.20 3656 333.33
87.20 3656 333.33
87.23 23703 43.48
87.24 23703 43.48
87.24 23703 43.48
87.34 23491 43.48
87.58 13259 76.92
87.75 16446 62.50
87.76 16446 62.50
87.76 16446 62.50
87.77 16446 62.50
87.77 16446 62.50
88.96 91337 10.99
89.41 61437 16.39
89.56 104754 9.62
90.44 113025 8.85
93.18 31836 32.26
93.47 91261 10.99
93.78 93188 10.75
94.24 50704 20.00
94.87 62820 16.13
95.77 101513 9.90
95.95 58728 17.24
97.39 74058 13.51
99.93 60463 16.67
100.63 63026 15.87
102.21 104587 9.62
103.99 99103 10.10
105.19 54750 18.52
107.34 68934 14.71
107.70 63637 15.87
108.04 71751 14.08
108.76 62951 16.13
110.34 95562 10.53
110.68 99101 10.10
111.39 96490 10.42
111.73 101557 9.90
111.91 58462 17.24
112.44 99113 10.10
112.61 56626 17.86
113.14 99795 10.10
113.67 56899 17.86
114.02 56654 17.86
114.36 62677 16.13
116.30 96733 10.42
117.18 59955 16.95
21.28 118807 8.47
22.39 89408 11.24
24.85 79716 12.66
25.51 119001 8.40
25.97 129445 7.75
26.20 72360 13.89
28.10 119094 8.40
28.51 126174 7.94
28.73 71833 14.08
29.44 164032 6.10
30.43 4575 250.00
30.44 4575 250.00
30.44 4575 250.00
30.45 4575 250.00
31.25 129322 7.75
31.61 5006 200.00
31.62 3808 333.33
31.62 3808 333.33
31.63 3808 333.33
31.64 3808 333.33
31.64 3808 333.33
31.65 3808 333.33
31.66 3676 333.33
31.66 3676 333.33
31.67 3676 333.33
31.67 3676 333.33
31.68 3676 333.33
31.69 3676 333.33
31.81 70908 14.29
32.02 122521 8.20
32.63 64622 15.62
33.15 4600 250.00
33.16 4600 250.00
33.16 4600 250.00
33.56 5251 200.00
33.57 5251 200.00
33.57 5251 200.00
33.65 111004 9.01
33.98 4095 250.00
33.98 111681 9.01
34.22 4346 250.00
34.23 3673 333.33
34.23 3673 333.33
34.24 3673 333.33
34.24 3673 333.33
34.25 3673 333.33
34.25 3673 333.33
34.26 3673 333.33
34.26 3673 333.33
34.27 69397 14.49
34.43 4556 250.00
34.44 4136 250.00
34.44 4136 250.00
34.45 4136 250.00
34.46 4136 250.00
34.46 4136 250.00
34.47 4136 250.00
34.48 4357 250.00
34.48 4357 250.00
34.49 4357 250.00
34.49 4357 250.00
34.50 4357 250.00
34.50 4357 250.00
34.51 4357 250.00
34.51 3707 333.33
34.52 3707 333.33
34.52 3707 333.33
34.53 3707 333.33
34.53 3707 333.33
34.54 3707 333.33
34.54 3707 333.33
34.55 117203 8.55
35.32 175469 5.71
35.84 5266 200.00
35.94 5266 200.00
35.95 5266 200.00
35.95 5266 200.00
35.96 5266 200.00
35.96 5266 200.00
36.27 77489 12.99
36.93 4514 250.00
37.03 4514 250.00
37.03 4514 250.00
37.11 5049 200.00
37.21 5049 200.00
37.21 5049 200.00
37.22 5049 200.00
37.23 5049 200.00
37.23 5049 200.00
37.24 5049 200.00
37.25 3753 333.33
37.25 3753 333.33
37.26 3753 333.33
37.26 3753 333.33
37.27 3753 333.33
37.27 3753 333.33
37.28 3753 333.33
37.29 4225 250.00
37.29 4225 250.00
37.30 4225 250.00
37.30 4225 250.00
37.31 4225 250.00
37.32 4225 250.00
37.39 107053 9.35
38.11 4351 250.00
38.12 4351 250.00
38.12 4351 250.00
38.13 4351 250.00
38.13 4351 250.00
38.14 4351 250.00
38.89 117916 8.55
39.30 119964 8.40
39.65 5061 200.00
39.65 5061 200.00
39.66 5061 200.00
39.77 76398 13.16
40.38 119105 8.40
42.54 93351 10.75
43.00 70911 14.29
43.65 121187 8.26
44.11 114086 8.77
44.52 124117 8.06
44.94 114951 8.77
47.02 140950 7.14
48.36 124931 8.06
49.00 84730 11.90
43.38 152823 6.58
62.54 172482 5.81
63.58 170679 5.88
64.29 179831 5.59
93.98 233248 4.29
94.70 209729 4.78
95.40 178358 5.62
96.11 215156 4.65
96.81 208637 4.81
97.15 134106 7.46
97.85 166461 6.02
98.19 202820 4.95
9.80 160331 6.25
10.84 201949 4.98
11.52 180756 5.56
11.86 159999 6.29
12.20 174920 5.75
12.88 175422 5.71
12.88 207438 4.83
13.89 168925 5.95
14.59 163088 6.13
15.27 141517 7.09
15.60 177067 5.65
15.96 136274 7.35
26.27 136690 7.35
27.63 139352 7.19
28.33 139361 7.19
29.01 137241 7.30
30.02 176965 5.68
31.09 163658 6.13
31.77 132150 7.58
32.45 152256 6.58
42.60 160880 6.25
43.99 138142 7.25
73.91 162173 6.17
75.28 136051 7.35
16.16 186284 5.38
17.32 229178 4.37
18.45 149119 6.71
18.83 194819 5.15
19.98 172114 5.81
21.10 200227 5.00
21.48 173849 5.78
22.62 196056 5.10
23.36 199507 5.03
23.75 183762 5.46
26.05 146119 6.85
26.78 168858 5.95
28.22 136463 7.35
29.65 158174 6.33
32.24 207196 4.83
33.31 143958 6.99
33.67 207231 4.83
34.76 150768 6.67
35.55 174755 5.75
12.87 191674 5.24
14.30 187260 5.35
16.20 151773 6.62
16.57 188234 5.32
16.94 171511 5.85
17.30 217747 4.61
17.66 202081 4.95
18.88 231959 4.33
19.67 209483 4.78
20.05 197837 5.08
20.45 204975 4.90
20.86 160276 6.25
21.26 204049 4.90
21.62 142732 7.04
21.97 181972 5.52
22.71 220022 4.55
23.07 195447 5.13
23.88 153200 6.54
30.21 232026 4.31
32.08 148317 6.76
33.17 213850 4.69
34.97 146952 6.85
42.62 230338 4.35
45.77 192417 5.21
47.58 170461 5.88
48.67 189193 5.29
49.39 188119 5.32
49.75 139485 7.19
49.75 168817 5.95
50.46 144642 6.94
50.83 188016 5.32
50.83 220910 4.55
51.19 143310 6.99
51.55 189368 5.29
51.91 175436 5.71
52.62 143818 6.99
52.99 186338 5.38
53.36 174268 5.75
54.07 139540 7.19
58.32 188681 5.32
70.22 193290 5.18
22.02 182293 5.49
23.82 146096 6.85
37.12 141714 7.09
39.62 184441 5.43
41.39 140489 7.14
43.16 183287 5.46
43.88 218785 4.59
44.97 140913 7.14
46.04 209737 4.78
58.66 218354 4.59
59.73 169043 5.92
61.16 140186 7.14
62.22 187690 5.35
62.93 181005 5.52
63.68 238038 4.20
64.88 187086 5.35
65.69 160431 6.25
66.49 159061 6.29
67.29 158614 6.33
68.44 203631 4.93
77.05 236735 4.24
78.22 155637 6.45
16.39 197793 5.08
19.00 173360 5.78
19.74 170410 5.88
27.44 211629 4.74
28.53 161093 6.21
28.89 215920 4.65
29.63 201446 4.98
30.01 172472 5.81
30.75 154226 6.49
31.11 210271 4.76
31.48 170174 5.88
32.21 173036 5.78
32.96 159686 6.29
33.35 208845 4.81
34.09 191747 5.24
34.82 189518 5.29
35.18 171466 5.85
39.77 203176 4.93
40.87 158550 6.33
84.71 175437 5.71
85.82 192819 5.21
86.55 184253 5.43
14.34 165780 6.06
16.16 196574 5.10
16.88 188836 5.32
17.24 143781 6.99
17.60 211843 4.74
18.67 145162 6.90
19.05 196926 5.10
19.77 193507 5.18
20.13 141280 7.09
20.87 149767 6.71
21.62 154498 6.49
22.02 236073 4.24
22.81 202231 4.95
23.59 230219 4.35
25.94 214765 4.67
26.34 161184 6.21
21.14 223207 4.48
23.10 511641 1.96
28.40 228081 4.39
33.02 173176 5.78
37.96 177213 5.65
44.47 144682 6.94
44.83 194441 5.15
49.23 463485 2.16
49.87 155466 6.45
50.24 196690 5.10
51.24 191244 5.24
52.59 175998 5.71
56.52 462019 2.16
59.12 197741 5.08
60.48 156419 6.41
62.86 190416 5.26
63.22 155412 6.45
64.20 155574 6.45
66.26 595434 1.68
67.47 215144 4.65
69.02 155312 6.45
72.76 155520 6.45
74.16 194221 5.15
75.53 150164 6.67
78.31 167238 5.99
79.14 470218 2.13
84.44 173265 5.78
84.86 219403 4.57
86.80 461491 2.17
91.13 520226 1.92
91.93 255294 3.92
92.86 220014 4.55
92.86 582123 1.72
98.00 200233 5.00
100.71 201491 4.98
102.43 198491 5.05
102.79 413172 2.42
108.51 413443 2.42
109.49 146561 6.85
109.84 476729 2.10
110.86 196616 5.10
113.60 198276 5.05
114.58 199814 5.03
120.87 173293 5.78
121.26 572850 1.75
125.67 453947 2.21
128.72 467257 2.14
131.36 221945 4.52
131.78 470847 2.13
133.32 525719 1.90
136.40 521190 1.92
140.18 177373 5.65
141.02 462304 2.16
144.10 485182 2.06
145.66 517047 1.93
147.85 220727 4.55
152.43 158003 6.33
154.13 154739 6.49
155.46 199888 5.03
160.46 156196 6.41
161.25 538993 1.86
162.07 201941 4.98
165.48 463555 2.16
166.50 200500 5.00
166.87 415360 2.41
167.86 149860 6.71
170.22 194585 5.15
172.31 406437 2.46
173.29 154991 6.49
173.66 493562 2.03
179.67 460338 2.17
180.65 203567 4.93
3.91 436880 2.29
8.91 431283 2.32
10.17 388845 2.58
11.42 572521 1.75
16.40 135064 7.41
17.81 228989 4.39
27.96 432977 2.31
30.14 204325 4.90
30.14 130859 7.69
31.06 131513 7.63
32.91 210480 4.76
34.53 391918 2.56
35.13 172039 5.81
39.25 170394 5.88
47.28 180362 5.56
48.22 175990 5.71
52.09 580752 1.72
53.35 232528 4.31
53.79 523301 1.91
59.92 528472 1.89
62.15 132556 7.58
64.15 478650 2.09
8.36 402717 2.49
9.66 443231 2.26
10.95 390207 2.56
12.23 434300 2.30
16.66 177524 5.65
20.84 169129 5.92
22.46 445067 2.25
23.07 135768 7.41
23.76 392577 2.55
28.87 398872 2.51
29.47 166266 6.02
31.08 166266 6.02
31.41 399371 2.51
33.61 167281 5.99
34.55 172400 5.81
37.75 436230 2.29
39.02 395507 2.53
42.59 130901 7.69
43.54 126302 7.94
45.14 124850 8.06
